# DMESTAR Mass Track Snapshot
#
# Model Number:    250  Age (Myr):      0.560
#  Mass (Msun):  1.000 Fe/H (dex):   0.05
#
#---------
   16   75
    1 28.361093  9.415384 14.026731  6.407685 -0.507149  0.000077  0.618373  1.180538  0.11990084E+04
    2 28.411093  9.432051 14.026701  6.407673 -0.507167  0.000086  0.618373  1.180538  0.12145282E+04
    3 28.461093  9.448719 14.026669  6.407660 -0.507187  0.000097  0.618373  1.180538  0.12302418E+04
    4 28.511093  9.465387 14.026634  6.407646 -0.507207  0.000109  0.618373  1.180538  0.12461525E+04
    5 28.561093  9.482056 14.026596  6.407632 -0.507230  0.000122  0.618373  1.180538  0.12622636E+04
    6 28.611093  9.498726 14.026556  6.407615 -0.507254  0.000137  0.618373  1.180538  0.12785782E+04
    7 28.661093  9.515396 14.026512  6.407598 -0.507281  0.000154  0.618373  1.180538  0.12950997E+04
    8 28.711093  9.532067 14.026464  6.407579 -0.507309  0.000173  0.618373  1.180538  0.13118313E+04
    9 28.761093  9.548738 14.026413  6.407559 -0.507340  0.000194  0.618373  1.180538  0.13287762E+04
   10 28.811093  9.565410 14.026358  6.407537 -0.507373  0.000217  0.618373  1.180538  0.13459379E+04
   11 28.861093  9.582083 14.026298  6.407513 -0.507409  0.000244  0.618373  1.180538  0.13633195E+04
   12 28.911093  9.598756 14.026234  6.407488 -0.507447  0.000274  0.618373  1.180538  0.13809243E+04
   13 28.961093  9.615430 14.026165  6.407460 -0.507489  0.000307  0.618373  1.180538  0.13987559E+04
   14 29.011093  9.632105 14.026090  6.407430 -0.507534  0.000344  0.618373  1.180538  0.14168175E+04
   15 29.061093  9.648781 14.026008  6.407398 -0.507583  0.000387  0.618373  1.180538  0.14351126E+04
   16 29.111093  9.665457 14.025921  6.407363 -0.507635  0.000434  0.618373  1.180538  0.14536447E+04
   17 29.161093  9.682134 14.025826  6.407326 -0.507692  0.000487  0.618373  1.180538  0.14724174E+04
   18 29.211093  9.698813 14.025724  6.407285 -0.507753  0.000546  0.618373  1.180538  0.14914342E+04
   19 29.261093  9.715492 14.025614  6.407242 -0.507820  0.000612  0.618373  1.180538  0.15106987E+04
   20 29.311093  9.732173 14.025495  6.407194 -0.507891  0.000687  0.618373  1.180538  0.15302149E+04
   21 29.361093  9.748855 14.025366  6.407143 -0.507968  0.000771  0.618373  1.180538  0.15499863E+04
   22 29.411093  9.765538 14.025228  6.407088 -0.508052  0.000865  0.618373  1.180538  0.15700170E+04
   23 29.461093  9.782222 14.025078  6.407029 -0.508142  0.000971  0.618373  1.180538  0.15903108E+04
   24 29.511093  9.798908 14.024916  6.406964 -0.508239  0.001089  0.618373  1.180538  0.16108719E+04
   25 29.561093  9.815595 14.024741  6.406895 -0.508344  0.001222  0.618373  1.180538  0.16317043E+04
   26 29.611093  9.832284 14.024552  6.406820 -0.508457  0.001371  0.618373  1.180538  0.16528124E+04
   27 29.661093  9.848975 14.024348  6.406739 -0.508580  0.001538  0.618373  1.180538  0.16742005E+04
   28 29.711093  9.865668 14.024127  6.406652 -0.508712  0.001725  0.618373  1.180538  0.16958732E+04
   29 29.761093  9.882363 14.023889  6.406557 -0.508855  0.001935  0.618373  1.180538  0.17178349E+04
   30 29.811093  9.899061 14.023632  6.406455 -0.509009  0.002171  0.618373  1.180538  0.17400906E+04
   31 29.861093  9.915761 14.023355  6.406345 -0.509176  0.002436  0.618373  1.180539  0.17626450E+04
   32 29.911093  9.932463 14.023055  6.406226 -0.509356  0.002732  0.618373  1.180539  0.17855033E+04
   33 29.961093  9.949169 14.022731  6.406097 -0.509550  0.003065  0.618373  1.180539  0.18086707E+04
   34 30.011093  9.965877 14.022381  6.405958 -0.509761  0.003439  0.618373  1.180539  0.18321527E+04
   35 30.061093  9.982589 14.022003  6.405808 -0.509988  0.003857  0.618373  1.180539  0.18559547E+04
   36 30.111093  9.999305 14.021594  6.405646 -0.510233  0.004327  0.618373  1.180539  0.18800828E+04
   37 30.161093 10.016024 14.021153  6.405471 -0.510498  0.004854  0.618373  1.180539  0.19045429E+04
   38 30.211093 10.032748 14.020676  6.405282 -0.510784  0.005445  0.618373  1.180539  0.19293414E+04
   39 30.261093 10.049477 14.020161  6.405077 -0.511093  0.006107  0.618373  1.180539  0.19544847E+04
   40 30.311093 10.066210 14.019605  6.404856 -0.511427  0.006851  0.618373  1.180539  0.19799799E+04
   41 30.361093 10.082949 14.019004  6.404618 -0.511788  0.007684  0.618373  1.180539  0.20058340E+04
   42 30.411093 10.099693 14.018354  6.404360 -0.512178  0.008619  0.618373  1.180539  0.20320545E+04
   43 30.461093 10.116444 14.017652  6.404081 -0.512599  0.009666  0.618373  1.180540  0.20586493E+04
   44 30.511093 10.133202 14.016893  6.403780 -0.513055  0.010841  0.618373  1.180540  0.20856267E+04
   45 30.561093 10.149967 14.016073  6.403454 -0.513547  0.012159  0.618373  1.180540  0.21129953E+04
   46 30.611093 10.166739 14.015187  6.403103 -0.514079  0.013636  0.618374  1.180540  0.21407642E+04
   47 30.661093 10.183521 14.014229  6.402722 -0.514654  0.015292  0.618374  1.180540  0.21689431E+04
   48 30.711093 10.200312 14.013193  6.402311 -0.515276  0.017148  0.618374  1.180540  0.21975420E+04
   49 30.761093 10.217112 14.012073  6.401867 -0.515949  0.019229  0.618374  1.180541  0.22265717E+04
   50 30.811093 10.233924 14.010862  6.401386 -0.516675  0.021560  0.618374  1.180541  0.22560435E+04
   51 30.861093 10.250747 14.009552  6.400866 -0.517462  0.024174  0.618374  1.180541  0.22859694E+04
   52 30.911093 10.267584 14.008136  6.400304 -0.518312  0.027103  0.618374  1.180541  0.23163621E+04
   53 30.961093 10.284434 14.006604  6.399696 -0.519232  0.030384  0.618374  1.180542  0.23472306E+04
   54 31.011093 10.301298 14.004946  6.399038 -0.520226  0.034061  0.618374  1.180542  0.23785886E+04
   55 31.061093 10.318180 14.003153  6.398326 -0.521303  0.038180  0.618374  1.180542  0.24104556E+04
   56 31.111093 10.335078 14.001212  6.397555 -0.522468  0.042794  0.618374  1.180543  0.24428479E+04
   57 31.161093 10.351996 13.999111  6.396722 -0.523729  0.047960  0.618374  1.180543  0.24757829E+04
   58 31.211093 10.368934 13.996837  6.395819 -0.525094  0.053746  0.618374  1.180543  0.25092791E+04
   59 31.261093 10.385895 13.994374  6.394841 -0.526573  0.060224  0.618375  1.180544  0.25433563E+04
   60 31.311093 10.402880 13.991707  6.393782 -0.528174  0.067475  0.618375  1.180544  0.25780356E+04
   61 31.361093 10.419891 13.988817  6.392635 -0.529909  0.075590  0.618375  1.180545  0.26133398E+04
   62 31.411093 10.436931 13.985685  6.391392 -0.531789  0.084670  0.618375  1.180546  0.26492932E+04
   63 31.461093 10.454002 13.982290  6.390044 -0.533827  0.094828  0.618375  1.180546  0.26859219E+04
   64 31.511093 10.471107 13.978608  6.388583 -0.536037  0.106188  0.618375  1.180547  0.27232542E+04
   65 31.561093 10.488249 13.974614  6.386997 -0.538434  0.118890  0.618376  1.180548  0.27613203E+04
   66 31.611093 10.505431 13.970280  6.385277 -0.541035  0.133087  0.618376  1.180549  0.28001528E+04
   67 31.661093 10.522656 13.965575  6.383409 -0.543860  0.148951  0.618376  1.180550  0.28397870E+04
   68 31.711093 10.539929 13.960463  6.381380 -0.546928  0.166670  0.618376  1.180551  0.28802610E+04
   69 31.761093 10.557254 13.954909  6.379175 -0.550262  0.186455  0.618377  1.180552  0.29216159E+04
   70 31.811093 10.574636 13.948868  6.376777 -0.553888  0.208536  0.618377  1.180553  0.29638965E+04
   71 31.861093 10.592080 13.942296  6.374168 -0.557833  0.233169  0.618377  1.180554  0.30071514E+04
   72 31.911093 10.609591 13.935140  6.371327 -0.562128  0.260634  0.618378  1.180556  0.30514335E+04
   73 31.961093 10.627177 13.927342  6.368232 -0.566808  0.291240  0.618378  1.180558  0.30968006E+04
   74 32.011093 10.644845 13.918838  6.364856 -0.571912  0.325325  0.618379  1.180560  0.31433162E+04
   75 32.061093 10.662603 13.909555  6.361171 -0.577484  0.363259  0.618379  1.180562  0.31910499E+04
   76 32.110419 10.680217 13.899555  6.357201 -0.583486  0.404845  0.618380  1.180564  0.32394057E+04
   77 32.155737 10.696494 13.889555  6.353232 -0.589487  0.447052  0.618381  1.180567  0.32849972E+04
   78 32.197609 10.711619 13.879555  6.349262 -0.595489  0.489769  0.618381  1.180569  0.33281802E+04
   79 32.236488 10.725745 13.869555  6.345292 -0.601490  0.532893  0.618382  1.180572  0.33692432E+04
   80 32.272743 10.738993 13.859555  6.341322 -0.607492  0.576336  0.618383  1.180574  0.34084238E+04
   81 32.306677 10.751465 13.849555  6.337353 -0.613493  0.620015  0.618384  1.180577  0.34459202E+04
   82 32.338545 10.763246 13.839555  6.333383 -0.619494  0.663858  0.618384  1.180579  0.34818999E+04
   83 32.368563 10.774408 13.829555  6.329413 -0.625495  0.707798  0.618385  1.180582  0.35165056E+04
   84 32.396914 10.785012 13.819555  6.325444 -0.631496  0.751776  0.618386  1.180585  0.35498606E+04
   85 32.423754 10.795110 13.809555  6.321474 -0.637497  0.795736  0.618387  1.180588  0.35820715E+04
   86 32.449220 10.804747 13.799555  6.317504 -0.643498  0.839630  0.618387  1.180591  0.36132319E+04
   87 32.473430 10.813963 13.789555  6.313534 -0.649498  0.883412  0.618388  1.180594  0.36434240E+04
   88 32.496489 10.822793 13.779555  6.309565 -0.655499  0.927042  0.618389  1.180597  0.36727208E+04
   89 32.518488 10.831267 13.769555  6.305595 -0.661500  0.970482  0.618390  1.180600  0.37011872E+04
   90 32.539507 10.839412 13.759555  6.301626 -0.667500  1.013698  0.618391  1.180603  0.37288815E+04
   91 32.559619 10.847252 13.749555  6.297656 -0.673500  1.056659  0.618392  1.180607  0.37558102E+04
   92 32.578889 10.854809 13.739555  6.293687 -0.679500  1.099337  0.618393  1.180610  0.37820371E+04
   93 32.597375 10.862102 13.729555  6.289717 -0.685501  1.141708  0.618394  1.180613  0.38076382E+04
   94 32.615128 10.869148 13.719555  6.285748 -0.691501  1.183746  0.618395  1.180617  0.38326533E+04
   95 32.632196 10.875963 13.709555  6.281778 -0.697500  1.225432  0.618396  1.180621  0.38571188E+04
   96 32.648621 10.882561 13.699555  6.277809 -0.703500  1.266746  0.618397  1.180624  0.38810680E+04
   97 32.664443 10.888956 13.689555  6.273840 -0.709500  1.307671  0.618398  1.180628  0.39045317E+04
   98 32.679697 10.895158 13.679555  6.269871 -0.715500  1.348192  0.618399  1.180632  0.39275383E+04
   99 32.694416 10.901180 13.669555  6.265901 -0.721499  1.388294  0.618400  1.180636  0.39501138E+04
  100 32.708628 10.907030 13.659555  6.261932 -0.727499  1.427966  0.618401  1.180640  0.39722828E+04
  101 32.722363 10.912718 13.649554  6.257963 -0.733498  1.467195  0.618402  1.180644  0.39940677E+04
  102 32.735644 10.918252 13.639554  6.253994 -0.739497  1.505973  0.618403  1.180648  0.40154897E+04
  103 32.748495 10.923641 13.629554  6.250025 -0.745497  1.544290  0.618404  1.180652  0.40365594E+04
  104 32.760939 10.928891 13.619554  6.246057 -0.751496  1.582138  0.618406  1.180657  0.40573020E+04
  105 32.772994 10.934009 13.609554  6.242088 -0.757495  1.619512  0.618407  1.180661  0.40777377E+04
  106 32.784680 10.939001 13.599554  6.238119 -0.763494  1.656406  0.618408  1.180666  0.40978828E+04
  107 32.796014 10.943872 13.589554  6.234151 -0.769492  1.692814  0.618409  1.180670  0.41177525E+04
  108 32.807011 10.948630 13.579554  6.230182 -0.775491  1.728733  0.618411  1.180675  0.41373610E+04
  109 32.817688 10.953277 13.569554  6.226214 -0.781490  1.764159  0.618412  1.180680  0.41567219E+04
  110 32.828057 10.957819 13.559554  6.222245 -0.787488  1.799090  0.618413  1.180685  0.41758479E+04
  111 32.838134 10.962261 13.549554  6.218277 -0.793487  1.833525  0.618415  1.180690  0.41947510E+04
  112 32.847928 10.966606 13.539554  6.214309 -0.799485  1.867461  0.618416  1.180695  0.42134426E+04
  113 32.857453 10.970858 13.529554  6.210341 -0.805484  1.900898  0.618418  1.180700  0.42319336E+04
  114 32.866720 10.975022 13.519554  6.206373 -0.811482  1.933836  0.618419  1.180706  0.42502341E+04
  115 32.875738 10.979100 13.509554  6.202405 -0.817480  1.966275  0.618421  1.180711  0.42683539E+04
  116 32.884517 10.983095 13.499554  6.198437 -0.823478  1.998216  0.618422  1.180717  0.42863024E+04
  117 32.893067 10.987011 13.489554  6.194469 -0.829476  2.029660  0.618424  1.180723  0.43040881E+04
  118 32.901396 10.990851 13.479554  6.190502 -0.835474  2.060609  0.618425  1.180729  0.43217190E+04
  119 32.909512 10.994617 13.469554  6.186534 -0.841472  2.091065  0.618427  1.180734  0.43392034E+04
  120 32.917424 10.998312 13.459554  6.182567 -0.847470  2.121030  0.618429  1.180741  0.43565489E+04
  121 32.925137 11.001938 13.449554  6.178600 -0.853468  2.150506  0.618430  1.180747  0.43737628E+04
  122 32.932661 11.005498 13.439554  6.174633 -0.859465  2.179496  0.618432  1.180753  0.43908523E+04
  123 32.940000 11.008993 13.429554  6.170666 -0.865463  2.208005  0.618434  1.180760  0.44078240E+04
  124 32.947162 11.012426 13.419554  6.166699 -0.871460  2.236034  0.618436  1.180766  0.44246846E+04
  125 32.954151 11.015800 13.409554  6.162732 -0.877458  2.263587  0.618437  1.180773  0.44414401E+04
  126 32.960975 11.019114 13.399554  6.158766 -0.883455  2.290670  0.618439  1.180780  0.44580966E+04
  127 32.967639 11.022373 13.389554  6.154799 -0.889452  2.317284  0.618441  1.180787  0.44746599E+04
  128 32.974147 11.025577 13.379554  6.150833 -0.895449  2.343436  0.618443  1.180794  0.44911354E+04
  129 32.980504 11.028727 13.369553  6.146867 -0.901447  2.369128  0.618445  1.180802  0.45075285E+04
  130 32.986716 11.031827 13.359553  6.142901 -0.907444  2.394366  0.618447  1.180809  0.45238443E+04
  131 32.992787 11.034876 13.349553  6.138935 -0.913441  2.419154  0.618449  1.180817  0.45400878E+04
  132 32.998721 11.037876 13.339553  6.134969 -0.919437  2.443497  0.618452  1.180824  0.45562637E+04
  133 33.004522 11.040829 13.329553  6.131004 -0.925434  2.467400  0.618454  1.180832  0.45723766E+04
  134 33.010194 11.043737 13.319553  6.127038 -0.931431  2.490867  0.618456  1.180841  0.45884309E+04
  135 33.015741 11.046599 13.309553  6.123073 -0.937428  2.513904  0.618458  1.180849  0.46044310E+04
  136 33.021167 11.049418 13.299553  6.119108 -0.943424  2.536517  0.618461  1.180857  0.46203810E+04
  137 33.026475 11.052195 13.289553  6.115143 -0.949421  2.558709  0.618463  1.180866  0.46362849E+04
  138 33.031668 11.054931 13.279553  6.111178 -0.955417  2.580487  0.618465  1.180875  0.46521466E+04
  139 33.036750 11.057626 13.269553  6.107214 -0.961413  2.601855  0.618468  1.180884  0.46679698E+04
  140 33.041724 11.060282 13.259553  6.103250 -0.967410  2.622820  0.618470  1.180893  0.46837582E+04
  141 33.046593 11.062900 13.249553  6.099285 -0.973406  2.643386  0.618473  1.180902  0.46995154E+04
  142 33.051358 11.065481 13.239553  6.095321 -0.979402  2.663559  0.618475  1.180912  0.47152449E+04
  143 33.056025 11.068025 13.229553  6.091357 -0.985398  2.683343  0.618478  1.180921  0.47309493E+04
  144 33.060594 11.070534 13.219553  6.087394 -0.991394  2.702746  0.618481  1.180931  0.47466319E+04
  145 33.065069 11.073009 13.209553  6.083430 -0.997390  2.721772  0.618484  1.180941  0.47622960E+04
  146 33.069451 11.075449 13.199553  6.079467 -1.003386  2.740426  0.618486  1.180952  0.47779445E+04
  147 33.073744 11.077857 13.189553  6.075504 -1.009382  2.758715  0.618489  1.180962  0.47935806E+04
  148 33.077950 11.080232 13.179553  6.071541 -1.015378  2.776642  0.618492  1.180973  0.48092071E+04
  149 33.082070 11.082576 13.169553  6.067578 -1.021373  2.794215  0.618495  1.180984  0.48248268E+04
  150 33.086108 11.084889 13.159552  6.063616 -1.027369  2.811438  0.618498  1.180995  0.48404426E+04
  151 33.090064 11.087172 13.149552  6.059653 -1.033365  2.828317  0.618502  1.181007  0.48560572E+04
  152 33.093941 11.089425 13.139552  6.055691 -1.039360  2.844858  0.618505  1.181018  0.48716733E+04
  153 33.097741 11.091649 13.129552  6.051729 -1.045355  2.861064  0.618508  1.181030  0.48872933E+04
  154 33.101466 11.093845 13.119552  6.047768 -1.051351  2.876943  0.618511  1.181042  0.49029198E+04
  155 33.105118 11.096013 13.109552  6.043806 -1.057346  2.892498  0.618515  1.181054  0.49185553E+04
  156 33.108698 11.098154 13.099552  6.039845 -1.063341  2.907736  0.618518  1.181067  0.49342022E+04
  157 33.112208 11.100269 13.089552  6.035884 -1.069336  2.922662  0.618522  1.181080  0.49498627E+04
  158 33.115649 11.102358 13.079552  6.031923 -1.075332  2.937281  0.618525  1.181093  0.49655393E+04
  159 33.119024 11.104421 13.069552  6.027963 -1.081327  2.951597  0.618529  1.181106  0.49812340E+04
  160 33.122333 11.106459 13.059552  6.024003 -1.087322  2.965617  0.618533  1.181120  0.49969492E+04
  161 33.125579 11.108472 13.049552  6.020043 -1.093316  2.979345  0.618536  1.181134  0.50126869E+04
  162 33.128762 11.110462 13.039552  6.016083 -1.099311  2.992786  0.618540  1.181148  0.50284492E+04
  163 33.131884 11.112428 13.029552  6.012123 -1.105306  3.005946  0.618544  1.181162  0.50442381E+04
  164 33.134947 11.114371 13.019552  6.008164 -1.111301  3.018828  0.618548  1.181177  0.50600556E+04
  165 33.137951 11.116291 13.009552  6.004205 -1.117295  3.031452  0.618552  1.181192  0.50759113E+04
  166 33.140899 11.118188 12.999552  6.000246 -1.123290  3.043849  0.618557  1.181207  0.50918215E+04
  167 33.143791 11.120063 12.989552  5.996293 -1.128789  3.055988  0.619453  1.184481  0.51011723E+04
  168 33.146628 11.121915 12.979552  5.992346 -1.134790  3.067850  0.619463  1.184516  0.51172288E+04
  169 33.149411 11.123747 12.969553  5.988399 -1.140791  3.079458  0.619473  1.184552  0.51333214E+04
  170 33.152143 11.125557 12.959553  5.984452 -1.146791  3.090816  0.619482  1.184587  0.51494511E+04
  171 33.154823 11.127347 12.949553  5.980505 -1.152792  3.101931  0.619492  1.184623  0.51656194E+04
  172 33.157453 11.129117 12.939554  5.976559 -1.158792  3.112805  0.619502  1.184658  0.51818273E+04
  173 33.160034 11.130868 12.929554  5.972612 -1.164792  3.123444  0.619512  1.184694  0.51980762E+04
  174 33.162567 11.132599 12.919554  5.968666 -1.170792  3.133851  0.619521  1.184730  0.52143672E+04
  175 33.165054 11.134311 12.909554  5.964720 -1.176792  3.144032  0.619531  1.184766  0.52307018E+04
  176 33.167494 11.136005 12.899555  5.960774 -1.182791  3.153991  0.619541  1.184802  0.52470812E+04
  177 33.169889 11.137680 12.889555  5.956828 -1.188791  3.163731  0.619551  1.184839  0.52635066E+04
  178 33.172240 11.139337 12.879555  5.952882 -1.194790  3.173257  0.619561  1.184875  0.52799796E+04
  179 33.174547 11.140977 12.869556  5.948937 -1.200790  3.182573  0.619571  1.184912  0.52965024E+04
  180 33.176813 11.142598 12.859556  5.944992 -1.206789  3.191683  0.619581  1.184949  0.53130781E+04
  181 33.179036 11.144203 12.849556  5.941047 -1.212788  3.200591  0.619592  1.184987  0.53297049E+04
  182 33.181220 11.145791 12.839557  5.937102 -1.218787  3.209301  0.619602  1.185025  0.53463843E+04
  183 33.183363 11.147362 12.829557  5.933158 -1.224786  3.217817  0.619612  1.185063  0.53631176E+04
  184 33.185467 11.148917 12.819557  5.929214 -1.230785  3.226143  0.619623  1.185102  0.53799062E+04
  185 33.187533 11.150455 12.809557  5.925270 -1.236784  3.234282  0.619634  1.185141  0.53967515E+04
  186 33.189561 11.151978 12.799558  5.921326 -1.242783  3.242238  0.619644  1.185180  0.54136551E+04
  187 33.191552 11.153485 12.789558  5.917383 -1.248781  3.250015  0.619655  1.185220  0.54306183E+04
  188 33.193507 11.154976 12.779558  5.913441 -1.254780  3.257617  0.619666  1.185260  0.54476437E+04
  189 33.195427 11.156452 12.769558  5.909498 -1.260778  3.265046  0.619678  1.185301  0.54647320E+04
  190 33.197312 11.157914 12.759559  5.905556 -1.266777  3.272307  0.619689  1.185342  0.54818846E+04
  191 33.199163 11.159360 12.749559  5.901614 -1.272776  3.279403  0.619700  1.185384  0.54991029E+04
  192 33.200981 11.160792 12.739559  5.897673 -1.278774  3.286336  0.619712  1.185426  0.55163888E+04
  193 33.202766 11.162210 12.729560  5.893732 -1.284772  3.293112  0.619723  1.185469  0.55337436E+04
  194 33.204518 11.163613 12.719560  5.889791 -1.290771  3.299732  0.619735  1.185512  0.55511688E+04
  195 33.206240 11.165002 12.709560  5.885851 -1.296769  3.306200  0.619747  1.185556  0.55686660E+04
  196 33.207930 11.166378 12.699560  5.881911 -1.302768  3.312519  0.619759  1.185600  0.55862365E+04
  197 33.209589 11.167740 12.689561  5.877972 -1.308766  3.318692  0.619772  1.185645  0.56038818E+04
  198 33.211220 11.169089 12.679561  5.874033 -1.314764  3.324723  0.619784  1.185691  0.56216033E+04
  199 33.212820 11.170424 12.669561  5.870094 -1.320763  3.330614  0.619797  1.185737  0.56394022E+04
  200 33.214392 11.171747 12.659561  5.866156 -1.326761  3.336367  0.619809  1.185783  0.56572800E+04
  201 33.215936 11.173056 12.649562  5.862218 -1.332759  3.341987  0.619822  1.185830  0.56752377E+04
  202 33.217453 11.174353 12.639562  5.858280 -1.338757  3.347476  0.619835  1.185878  0.56932765E+04
  203 33.218942 11.175638 12.629562  5.854343 -1.344755  3.352836  0.619848  1.185926  0.57113976E+04
  204 33.220404 11.176910 12.619562  5.850406 -1.350753  3.358071  0.619862  1.185975  0.57296018E+04
  205 33.221840 11.178169 12.609563  5.846470 -1.356751  3.363183  0.619875  1.186024  0.57478898E+04
  206 33.223251 11.179417 12.599563  5.842534 -1.362749  3.368175  0.619889  1.186074  0.57662629E+04
  207 33.224637 11.180653 12.589563  5.838599 -1.368747  3.373048  0.619903  1.186125  0.57847218E+04
  208 33.225997 11.181877 12.579563  5.834664 -1.374745  3.377807  0.619917  1.186176  0.58032675E+04
  209 33.227334 11.183090 12.569564  5.830729 -1.380743  3.382453  0.619931  1.186227  0.58219005E+04
  210 33.228646 11.184291 12.559564  5.826794 -1.386741  3.386988  0.619945  1.186280  0.58406216E+04
  211 33.229935 11.185481 12.549564  5.822861 -1.392739  3.391416  0.619960  1.186332  0.58594315E+04
  212 33.231202 11.186659 12.539564  5.818927 -1.398736  3.395738  0.619974  1.186386  0.58783306E+04
  213 33.232445 11.187827 12.529565  5.814994 -1.404734  3.399957  0.619989  1.186440  0.58973196E+04
  214 33.233667 11.188984 12.519565  5.811061 -1.410731  3.404075  0.620004  1.186495  0.59163989E+04
  215 33.234866 11.190130 12.509565  5.807129 -1.416729  3.408095  0.620019  1.186550  0.59355691E+04
  216 33.236044 11.191265 12.499565  5.803197 -1.422726  3.412017  0.620034  1.186606  0.59548307E+04
  217 33.237202 11.192390 12.489566  5.799266 -1.428723  3.415846  0.620050  1.186663  0.59741841E+04
  218 33.238338 11.193504 12.479566  5.795335 -1.434721  3.419582  0.620066  1.186721  0.59936292E+04
  219 33.239455 11.194608 12.469566  5.791404 -1.440718  3.423228  0.620082  1.186779  0.60131673E+04
  220 33.240551 11.195702 12.459566  5.787474 -1.446715  3.426785  0.620098  1.186838  0.60327987E+04
  221 33.241628 11.196786 12.449567  5.783545 -1.452712  3.430257  0.620114  1.186898  0.60525239E+04
  222 33.242685 11.197860 12.439567  5.779616 -1.458709  3.433644  0.620131  1.186959  0.60723434E+04
  223 33.243724 11.198924 12.429567  5.775687 -1.464706  3.436949  0.620148  1.187021  0.60922579E+04
  224 33.244744 11.199979 12.419568  5.771759 -1.470704  3.440173  0.620165  1.187083  0.61122677E+04
  225 33.245746 11.201024 12.409568  5.767831 -1.476701  3.443318  0.620182  1.187147  0.61323734E+04
  226 33.246730 11.202059 12.399568  5.763904 -1.482698  3.446386  0.620199  1.187211  0.61525756E+04
  227 33.247697 11.203085 12.389568  5.759978 -1.488695  3.449379  0.620217  1.187276  0.61728749E+04
  228 33.248646 11.204102 12.379569  5.756052 -1.494692  3.452299  0.620235  1.187343  0.61932719E+04
  229 33.249578 11.205110 12.369569  5.752127 -1.500689  3.455147  0.620254  1.187410  0.62137672E+04
  230 33.250494 11.206109 12.359569  5.748202 -1.506686  3.457924  0.620273  1.187479  0.62343616E+04
  231 33.251393 11.207098 12.349569  5.744278 -1.512683  3.460634  0.620292  1.187548  0.62550557E+04
  232 33.252276 11.208079 12.339570  5.740355 -1.518680  3.463276  0.620311  1.187619  0.62758504E+04
  233 33.253144 11.209051 12.329570  5.736432 -1.524677  3.465852  0.620331  1.187691  0.62967465E+04
  234 33.253996 11.210014 12.319570  5.732510 -1.530674  3.468365  0.620351  1.187765  0.63177448E+04
  235 33.254832 11.210969 12.309570  5.728588 -1.536671  3.470815  0.620371  1.187839  0.63388465E+04
  236 33.255654 11.211916 12.299571  5.724668 -1.542668  3.473205  0.620392  1.187915  0.63600523E+04
  237 33.256461 11.212853 12.289571  5.720748 -1.548666  3.475534  0.620413  1.187992  0.63813634E+04
  238 33.257253 11.213783 12.279571  5.716828 -1.554663  3.477806  0.620434  1.188071  0.64027808E+04
  239 33.258031 11.214704 12.269571  5.712910 -1.560660  3.480021  0.620456  1.188151  0.64243057E+04
  240 33.258795 11.215617 12.259572  5.708992 -1.566658  3.482180  0.620478  1.188233  0.64459392E+04
  241 33.259545 11.216523 12.249572  5.705075 -1.572656  3.484285  0.620501  1.188315  0.64676826E+04
  242 33.260282 11.217420 12.239572  5.701159 -1.578653  3.486337  0.620524  1.188400  0.64895370E+04
  243 33.261006 11.218309 12.229572  5.697243 -1.584651  3.488337  0.620547  1.188486  0.65115034E+04
  244 33.261717 11.219190 12.219573  5.693328 -1.590649  3.490288  0.620571  1.188573  0.65335831E+04
  245 33.262414 11.220064 12.209573  5.689414 -1.596647  3.492188  0.620596  1.188662  0.65557775E+04
  246 33.263100 11.220930 12.199573  5.685501 -1.602645  3.494041  0.620620  1.188753  0.65780878E+04
  247 33.263773 11.221789 12.189573  5.681589 -1.608643  3.495847  0.620645  1.188845  0.66005150E+04
  248 33.264433 11.222639 12.179574  5.677678 -1.614642  3.497607  0.620671  1.188938  0.66230602E+04
  249 33.265082 11.223483 12.169574  5.673767 -1.620640  3.499322  0.620697  1.189034  0.66457244E+04
  250 33.265719 11.224319 12.159574  5.669857 -1.626639  3.500994  0.620723  1.189131  0.66685084E+04
  251 33.266344 11.225148 12.149575  5.665948 -1.632637  3.502623  0.620750  1.189230  0.66914129E+04
  252 33.266959 11.225970 12.139575  5.662040 -1.638636  3.504210  0.620778  1.189330  0.67144388E+04
  253 33.267562 11.226784 12.129575  5.658133 -1.644635  3.505757  0.620806  1.189432  0.67375864E+04
  254 33.268154 11.227592 12.119575  5.654226 -1.650634  3.507264  0.620834  1.189536  0.67608562E+04
  255 33.268735 11.228392 12.109576  5.650321 -1.656633  3.508733  0.620863  1.189641  0.67842486E+04
  256 33.269306 11.229186 12.099576  5.646416 -1.662632  3.510164  0.620892  1.189749  0.68077642E+04
  257 33.269866 11.229972 12.089576  5.642512 -1.668631  3.511558  0.620922  1.189858  0.68314027E+04
  258 33.270417 11.230752 12.079577  5.638609 -1.674631  3.512916  0.620952  1.189969  0.68551642E+04
  259 33.270957 11.231525 12.069577  5.634707 -1.680630  3.514240  0.620983  1.190082  0.68790486E+04
  260 33.271487 11.232292 12.059577  5.630806 -1.686630  3.515529  0.621014  1.190196  0.69030558E+04
  261 33.272008 11.233051 12.049577  5.626906 -1.692629  3.516785  0.621046  1.190313  0.69271858E+04
  262 33.272519 11.233805 12.039578  5.623007 -1.698629  3.518008  0.621078  1.190431  0.69514384E+04
  263 33.273021 11.234551 12.029578  5.619108 -1.704629  3.519200  0.621111  1.190552  0.69758136E+04
  264 33.273513 11.235292 12.019578  5.615211 -1.710629  3.520360  0.621144  1.190674  0.70003111E+04
  265 33.273997 11.236026 12.009579  5.611315 -1.716630  3.521491  0.621178  1.190799  0.70249309E+04
  266 33.274472 11.236753 11.999579  5.607419 -1.722630  3.522592  0.621213  1.190926  0.70496729E+04
  267 33.274938 11.237475 11.989579  5.603525 -1.728630  3.523664  0.621248  1.191055  0.70745370E+04
  268 33.275395 11.238190 11.979580  5.599631 -1.734631  3.524709  0.621283  1.191186  0.70995232E+04
  269 33.275844 11.238899 11.969580  5.595739 -1.740632  3.525726  0.621320  1.191320  0.71246315E+04
  270 33.276285 11.239602 11.959580  5.591848 -1.746633  3.526716  0.621357  1.191456  0.71498620E+04
  271 33.276718 11.240299 11.949580  5.587958 -1.752634  3.527681  0.621394  1.191594  0.71752146E+04
  272 33.277142 11.240990 11.939581  5.584069 -1.758636  3.528620  0.621433  1.191735  0.72006897E+04
  273 33.277559 11.241675 11.929581  5.580181 -1.764638  3.529535  0.621472  1.191878  0.72262871E+04
  274 33.277968 11.242355 11.919581  5.576295 -1.770640  3.530425  0.621511  1.192024  0.72520073E+04
  275 33.278370 11.243028 11.909582  5.572409 -1.776642  3.531293  0.621552  1.192173  0.72778505E+04
  276 33.278764 11.243696 11.899582  5.568525 -1.782644  3.532137  0.621593  1.192325  0.73038169E+04
  277 33.279151 11.244358 11.889582  5.564642 -1.788647  3.532959  0.621635  1.192479  0.73299064E+04
  278 33.279531 11.245014 11.879583  5.560761 -1.794650  3.533759  0.621678  1.192636  0.73561195E+04
  279 33.279903 11.245665 11.869583  5.556880 -1.800654  3.534538  0.621721  1.192796  0.73824563E+04
  280 33.280269 11.246310 11.859583  5.553001 -1.806657  3.535297  0.621766  1.192959  0.74089171E+04
  281 33.280628 11.246950 11.849584  5.549124 -1.812662  3.536035  0.621811  1.193126  0.74355022E+04
  282 33.280980 11.247584 11.839584  5.545248 -1.818666  3.536754  0.621857  1.193295  0.74622118E+04
  283 33.281326 11.248213 11.829584  5.541373 -1.824671  3.537454  0.621904  1.193468  0.74890461E+04
  284 33.281665 11.248837 11.819585  5.537500 -1.830676  3.538135  0.621952  1.193644  0.75160054E+04
  285 33.281998 11.249455 11.809585  5.533628 -1.836682  3.538798  0.622001  1.193824  0.75430900E+04
  286 33.282324 11.250068 11.799586  5.529758 -1.842688  3.539443  0.622050  1.194007  0.75702999E+04
  287 33.282645 11.250676 11.789586  5.525889 -1.848695  3.540071  0.622101  1.194194  0.75976355E+04
  288 33.282959 11.251278 11.779586  5.522022 -1.854702  3.540682  0.622153  1.194384  0.76250970E+04
  289 33.283268 11.251876 11.769587  5.518157 -1.860709  3.541277  0.622205  1.194578  0.76526846E+04
  290 33.283571 11.252468 11.759587  5.514294 -1.866717  3.541856  0.622259  1.194776  0.76803985E+04
  291 33.283868 11.253056 11.749587  5.510432 -1.872726  3.542420  0.622314  1.194978  0.77082388E+04
  292 33.284160 11.253638 11.739588  5.506571 -1.878735  3.542968  0.622370  1.195184  0.77362058E+04
  293 33.284446 11.254215 11.729588  5.502713 -1.884745  3.543502  0.622427  1.195395  0.77642997E+04
  294 33.284726 11.254788 11.719588  5.498856 -1.890755  3.544021  0.622485  1.195609  0.77925207E+04
  295 33.285002 11.255356 11.709589  5.495002 -1.896766  3.544526  0.622545  1.195828  0.78208691E+04
  296 33.285272 11.255919 11.699589  5.491149 -1.902778  3.545018  0.622605  1.196051  0.78493450E+04
  297 33.285537 11.256477 11.689590  5.487298 -1.908790  3.545496  0.622667  1.196279  0.78779487E+04
  298 33.285797 11.257030 11.679590  5.483449 -1.914803  3.545962  0.622730  1.196511  0.79066806E+04
  299 33.286052 11.257579 11.669590  5.479602 -1.920817  3.546415  0.622794  1.196748  0.79355409E+04
  300 33.286302 11.258123 11.659591  5.475757 -1.926832  3.546855  0.622860  1.196990  0.79645300E+04
  301 33.286548 11.258662 11.649591  5.471915 -1.932847  3.547284  0.622926  1.197237  0.79936482E+04
  302 33.286789 11.259197 11.639592  5.468074 -1.938863  3.547701  0.622995  1.197489  0.80228959E+04
  303 33.287025 11.259728 11.629592  5.464236 -1.944880  3.548107  0.623064  1.197746  0.80522736E+04
  304 33.287257 11.260254 11.619592  5.460399 -1.950898  3.548502  0.623135  1.198008  0.80817818E+04
  305 33.287484 11.260775 11.609593  5.456565 -1.956916  3.548886  0.623208  1.198275  0.81114210E+04
  306 33.287707 11.261292 11.599593  5.452734 -1.962936  3.549259  0.623281  1.198548  0.81411917E+04
  307 33.287926 11.261805 11.589594  5.448904 -1.968956  3.549623  0.623357  1.198827  0.81710946E+04
  308 33.288140 11.262313 11.579594  5.445077 -1.974977  3.549976  0.623434  1.199111  0.82011304E+04
  309 33.288351 11.262817 11.569595  5.441253 -1.981000  3.550320  0.623512  1.199401  0.82312997E+04
  310 33.288557 11.263317 11.559595  5.437431 -1.987023  3.550655  0.623592  1.199696  0.82616033E+04
  311 33.288760 11.263812 11.549596  5.433611 -1.993047  3.550980  0.623674  1.199998  0.82920420E+04
  312 33.288958 11.264304 11.539596  5.429794 -1.999073  3.551296  0.623757  1.200306  0.83226166E+04
  313 33.289153 11.264791 11.529596  5.425979 -2.005099  3.551604  0.623842  1.200620  0.83533279E+04
  314 33.289344 11.265274 11.519597  5.422167 -2.011127  3.551904  0.623928  1.200940  0.83841768E+04
  315 33.289531 11.265753 11.509597  5.418358 -2.017155  3.552195  0.624016  1.201266  0.84151641E+04
  316 33.289715 11.266228 11.499598  5.414551 -2.023185  3.552478  0.624106  1.201599  0.84462907E+04
  317 33.289895 11.266699 11.489598  5.410747 -2.029216  3.552753  0.624198  1.201938  0.84775574E+04
  318 33.290072 11.267166 11.479599  5.406946 -2.035248  3.553021  0.624291  1.202284  0.85089648E+04
  319 33.290245 11.267629 11.469599  5.403148 -2.041281  3.553282  0.624386  1.202637  0.85405139E+04
  320 33.290415 11.268089 11.459600  5.399352 -2.047316  3.553535  0.624483  1.202997  0.85722051E+04
  321 33.290582 11.268544 11.449600  5.395559 -2.053352  3.553781  0.624582  1.203363  0.86040392E+04
  322 33.290745 11.268995 11.439601  5.391769 -2.059389  3.554021  0.624682  1.203737  0.86360164E+04
  323 33.290905 11.269443 11.429601  5.387982 -2.065427  3.554254  0.624785  1.204117  0.86681373E+04
  324 33.291062 11.269887 11.419602  5.384198 -2.071467  3.554480  0.624889  1.204505  0.87004020E+04
  325 33.291216 11.270327 11.409602  5.380417 -2.077508  3.554700  0.624996  1.204900  0.87328105E+04
  326 33.291367 11.270764 11.399603  5.376639 -2.083550  3.554914  0.625104  1.205303  0.87653629E+04
  327 33.291515 11.271196 11.389603  5.372864 -2.089594  3.555123  0.625214  1.205713  0.87980589E+04
  328 33.291660 11.271626 11.379604  5.369092 -2.095640  3.555325  0.625327  1.206130  0.88308981E+04
  329 33.291803 11.272051 11.369604  5.365323 -2.101686  3.555522  0.625441  1.206555  0.88638801E+04
  330 33.291942 11.272473 11.359605  5.361558 -2.107735  3.555713  0.625558  1.206988  0.88970040E+04
  331 33.292079 11.272891 11.349605  5.357796 -2.113784  3.555899  0.625676  1.207430  0.89302692E+04
  332 33.292213 11.273306 11.339606  5.354037 -2.119836  3.556080  0.625797  1.207879  0.89636745E+04
  333 33.292345 11.273718 11.329606  5.350281 -2.125889  3.556256  0.625919  1.208336  0.89972190E+04
  334 33.292473 11.274126 11.319607  5.346528 -2.131943  3.556427  0.626044  1.208801  0.90309014E+04
  335 33.292600 11.274530 11.309607  5.342779 -2.138000  3.556593  0.626172  1.209275  0.90647204E+04
  336 33.292724 11.274931 11.299608  5.339034 -2.144057  3.556755  0.626301  1.209758  0.90986747E+04
  337 33.292845 11.275329 11.289609  5.335292 -2.150117  3.556912  0.626433  1.210249  0.91327627E+04
  338 33.292964 11.275723 11.279609  5.331554 -2.156179  3.557065  0.626567  1.210749  0.91669831E+04
  339 33.293081 11.276115 11.269610  5.327819 -2.162242  3.557213  0.626703  1.211257  0.92013345E+04
  340 33.293195 11.276502 11.259610  5.324088 -2.168307  3.557358  0.626842  1.211775  0.92358153E+04
  341 33.293307 11.276887 11.249611  5.320361 -2.174375  3.557498  0.626983  1.212302  0.92704242E+04
  342 33.293417 11.277268 11.239611  5.316637 -2.180444  3.557635  0.627126  1.212839  0.93051599E+04
  343 33.293525 11.277646 11.229612  5.312918 -2.186515  3.557767  0.627272  1.213385  0.93400211E+04
  344 33.293630 11.278021 11.219613  5.309202 -2.192589  3.557896  0.627421  1.213940  0.93750068E+04
  345 33.293734 11.278393 11.209613  5.305491 -2.198664  3.558021  0.627572  1.214506  0.94101158E+04
  346 33.293835 11.278762 11.199614  5.301783 -2.204742  3.558143  0.627725  1.215081  0.94453473E+04
  347 33.293935 11.279127 11.189614  5.298080 -2.210822  3.558261  0.627882  1.215666  0.94807006E+04
  348 33.294032 11.279490 11.179615  5.294381 -2.216905  3.558376  0.628041  1.216262  0.95161753E+04
  349 33.294128 11.279849 11.169616  5.290687 -2.222990  3.558488  0.628202  1.216868  0.95517708E+04
  350 33.294221 11.280206 11.159616  5.286997 -2.229078  3.558597  0.628367  1.217485  0.95874871E+04
  351 33.294313 11.280559 11.149617  5.283311 -2.235168  3.558703  0.628534  1.218113  0.96233242E+04
  352 33.294403 11.280910 11.139617  5.279630 -2.241260  3.558805  0.628704  1.218751  0.96592823E+04
  353 33.294491 11.281258 11.129618  5.275954 -2.247356  3.558905  0.628877  1.219401  0.96953619E+04
  354 33.294577 11.281602 11.119619  5.272282 -2.253454  3.559002  0.629053  1.220061  0.97315636E+04
  355 33.294662 11.281944 11.109619  5.268615 -2.259555  3.559096  0.629231  1.220733  0.97678882E+04
  356 33.294745 11.282283 11.099620  5.264953 -2.265659  3.559188  0.629413  1.221417  0.98043369E+04
  357 33.294826 11.282619 11.089621  5.261296 -2.271767  3.559277  0.629598  1.222112  0.98409110E+04
  358 33.294905 11.282953 11.079621  5.257645 -2.277877  3.559364  0.629785  1.222818  0.98776120E+04
  359 33.294983 11.283283 11.069622  5.253998 -2.283990  3.559448  0.629976  1.223537  0.99144416E+04
  360 33.295060 11.283611 11.059622  5.250356 -2.290107  3.559530  0.630170  1.224268  0.99514018E+04
  361 33.295135 11.283936 11.049623  5.246720 -2.296227  3.559609  0.630366  1.225010  0.99884948E+04
  362 33.295208 11.284259 11.039624  5.243089 -2.302350  3.559686  0.630566  1.225765  0.10025723E+05
  363 33.295280 11.284578 11.029624  5.239463 -2.308477  3.559761  0.630769  1.226532  0.10063089E+05
  364 33.295350 11.284895 11.019625  5.235843 -2.314607  3.559834  0.630975  1.227312  0.10100596E+05
  365 33.295419 11.285210 11.009626  5.232229 -2.320741  3.559905  0.631185  1.228103  0.10138246E+05
  366 33.295487 11.285522 10.999626  5.228620 -2.326878  3.559974  0.631397  1.228908  0.10176043E+05
  367 33.295553 11.285831 10.989627  5.225016 -2.333019  3.560041  0.631613  1.229725  0.10213992E+05
  368 33.295618 11.286138 10.979628  5.221419 -2.339164  3.560106  0.631832  1.230554  0.10252094E+05
  369 33.295682 11.286442 10.969628  5.217827 -2.345313  3.560169  0.632054  1.231396  0.10290355E+05
  370 33.295744 11.286743 10.959629  5.214240 -2.351465  3.560230  0.632279  1.232251  0.10328778E+05
  371 33.295805 11.287043 10.949630  5.210660 -2.357622  3.560290  0.632508  1.233119  0.10367369E+05
  372 33.295865 11.287339 10.939631  5.207085 -2.363783  3.560348  0.632739  1.233999  0.10406131E+05
  373 33.295923 11.287633 10.929631  5.203517 -2.369947  3.560405  0.632974  1.234892  0.10445070E+05
  374 33.295981 11.287925 10.919632  5.199954 -2.376116  3.560459  0.633212  1.235798  0.10484191E+05
  375 33.296037 11.288215 10.909633  5.196397 -2.382289  3.560513  0.633453  1.236717  0.10523499E+05
  376 33.296092 11.288501 10.899633  5.192846 -2.388466  3.560564  0.633697  1.237648  0.10563000E+05
  377 33.296146 11.288786 10.889634  5.189301 -2.394647  3.560615  0.633945  1.238592  0.10602700E+05
  378 33.296199 11.289068 10.879635  5.185762 -2.400833  3.560663  0.634195  1.239548  0.10642606E+05
  379 33.296250 11.289348 10.869635  5.182229 -2.407023  3.560711  0.634449  1.240517  0.10682722E+05
  380 33.296301 11.289626 10.859636  5.178702 -2.413217  3.560757  0.634706  1.241498  0.10723057E+05
  381 33.296351 11.289901 10.849637  5.175181 -2.419416  3.560802  0.634965  1.242492  0.10763617E+05
  382 33.296399 11.290175 10.839638  5.171666 -2.425618  3.560845  0.635228  1.243497  0.10804410E+05
  383 33.296447 11.290445 10.829638  5.168157 -2.431826  3.560888  0.635494  1.244515  0.10845441E+05
  384 33.296493 11.290714 10.819639  5.164653 -2.438037  3.560929  0.635762  1.245545  0.10886720E+05
  385 33.296539 11.290981 10.809640  5.161156 -2.444253  3.560969  0.636034  1.246586  0.10928254E+05
  386 33.296584 11.291245 10.799640  5.157664 -2.450474  3.561008  0.636308  1.247640  0.10970050E+05
  387 33.296628 11.291507 10.789641  5.154178 -2.456699  3.561045  0.636585  1.248704  0.11012118E+05
  388 33.296671 11.291767 10.779642  5.150698 -2.462928  3.561082  0.636864  1.249780  0.11054465E+05
  389 33.296713 11.292025 10.769643  5.147224 -2.469162  3.561118  0.637146  1.250867  0.11097101E+05
  390 33.296754 11.292281 10.759643  5.143755 -2.475400  3.561152  0.637431  1.251965  0.11140033E+05
  391 33.296794 11.292534 10.749644  5.140292 -2.481642  3.561186  0.637719  1.253073  0.11183271E+05
  392 33.296834 11.292786 10.739645  5.136834 -2.487888  3.561218  0.638008  1.254192  0.11226824E+05
  393 33.296872 11.293036 10.729645  5.133382 -2.494139  3.561250  0.638301  1.255321  0.11270701E+05
  394 33.296910 11.293283 10.719646  5.129935 -2.500394  3.561281  0.638595  1.256460  0.11314912E+05
  395 33.296947 11.293529 10.709647  5.126493 -2.506654  3.561311  0.638892  1.257609  0.11359466E+05
  396 33.296984 11.293773 10.699648  5.123056 -2.512917  3.561340  0.639190  1.258767  0.11404373E+05
  397 33.297019 11.294014 10.689648  5.119624 -2.519184  3.561368  0.639491  1.259934  0.11449643E+05
  398 33.297054 11.294254 10.679649  5.116197 -2.525456  3.561396  0.639794  1.261109  0.11495284E+05
  399 33.297088 11.294492 10.669650  5.112775 -2.531731  3.561423  0.640099  1.262293  0.11541308E+05
  400 33.297121 11.294727 10.659650  5.109358 -2.538010  3.561449  0.640405  1.263485  0.11587723E+05
  401 33.297154 11.294961 10.649651  5.105945 -2.544293  3.561474  0.640714  1.264685  0.11634540E+05
  402 33.297186 11.295193 10.639652  5.102536 -2.550579  3.561498  0.641023  1.265892  0.11681768E+05
  403 33.297217 11.295424 10.629652  5.099132 -2.556869  3.561522  0.641335  1.267107  0.11729418E+05
  404 33.297248 11.295652 10.619653  5.095732 -2.563163  3.561545  0.641648  1.268328  0.11777498E+05
  405 33.297278 11.295878 10.609654  5.092335 -2.569460  3.561568  0.641962  1.269555  0.11826019E+05
  406 33.297308 11.296103 10.599655  5.088942 -2.575760  3.561590  0.642277  1.270788  0.11874990E+05
  407 33.297336 11.296326 10.589655  5.085553 -2.582063  3.561611  0.642593  1.272027  0.11924419E+05
  408 33.297365 11.296547 10.579656  5.082168 -2.588369  3.561631  0.642911  1.273271  0.11974317E+05
  409 33.297392 11.296766 10.569657  5.078785 -2.594678  3.561651  0.643229  1.274520  0.12024693E+05
  410 33.297419 11.296984 10.559657  5.075406 -2.600990  3.561671  0.643549  1.275774  0.12075554E+05
  411 33.297446 11.297199 10.549658  5.072029 -2.607304  3.561690  0.643868  1.277031  0.12126909E+05
  412 33.297472 11.297414 10.539659  5.068655 -2.613621  3.561708  0.644189  1.278292  0.12178766E+05
  413 33.297497 11.297626 10.529659  5.065284 -2.619940  3.561726  0.644510  1.279556  0.12231133E+05
  414 33.297522 11.297836 10.519660  5.061915 -2.626261  3.561743  0.644831  1.280823  0.12284018E+05
  415 33.297546 11.298045 10.509661  5.058548 -2.632584  3.561760  0.645153  1.282093  0.12337427E+05
  416 33.297570 11.298253 10.499661  5.055182 -2.638908  3.561776  0.645475  1.283365  0.12391366E+05
  417 33.297593 11.298458 10.489662  5.051819 -2.645235  3.561792  0.645797  1.284638  0.12445842E+05
  418 33.297616 11.298662 10.479663  5.048457 -2.651562  3.561808  0.646119  1.285913  0.12500860E+05
  419 33.297639 11.298865 10.469663  5.045096 -2.657892  3.561823  0.646441  1.287188  0.12556425E+05
  420 33.297661 11.299065 10.459664  5.041736 -2.664222  3.561837  0.646763  1.288464  0.12612542E+05
  421 33.297682 11.299264 10.449665  5.038377 -2.670553  3.561851  0.647085  1.289741  0.12669213E+05
  422 33.297703 11.299462 10.439665  5.035019 -2.676884  3.561865  0.647406  1.291017  0.12726442E+05
  423 33.297723 11.299658 10.429666  5.031661 -2.683216  3.561878  0.647727  1.292293  0.12784232E+05
  424 33.297744 11.299852 10.419666  5.028303 -2.689549  3.561891  0.648047  1.293568  0.12842583E+05
  425 33.297763 11.300045 10.409667  5.024945 -2.695881  3.561904  0.648367  1.294842  0.12901496E+05
  426 33.297782 11.300236 10.399668  5.021587 -2.702214  3.561916  0.648686  1.296114  0.12960973E+05
  427 33.297801 11.300426 10.389668  5.018229 -2.708546  3.561928  0.649004  1.297385  0.13021011E+05
  428 33.297820 11.300614 10.379669  5.014870 -2.714878  3.561940  0.649322  1.298654  0.13081609E+05
  429 33.297838 11.300801 10.369669  5.011510 -2.721209  3.561951  0.649639  1.299921  0.13142765E+05
  430 33.297855 11.300986 10.359670  5.008149 -2.727539  3.561962  0.649954  1.301185  0.13204475E+05
  431 33.297873 11.301170 10.349671  5.004787 -2.733869  3.561972  0.650269  1.302447  0.13266734E+05
  432 33.297890 11.301352 10.339671  5.001423 -2.740197  3.561983  0.650583  1.303706  0.13329538E+05
  433 33.297906 11.301533 10.329672  4.998058 -2.746523  3.561993  0.650896  1.304962  0.13392881E+05
  434 33.297922 11.301712 10.319672  4.994691 -2.752848  3.562002  0.651208  1.306214  0.13456754E+05
  435 33.297938 11.301890 10.309673  4.991323 -2.759172  3.562012  0.651518  1.307464  0.13521150E+05
  436 33.297954 11.302067 10.299674  4.987952 -2.765493  3.562021  0.651828  1.308710  0.13586060E+05
  437 33.297969 11.302242 10.289674  4.984579 -2.771813  3.562030  0.652136  1.309953  0.13651474E+05
  438 33.297984 11.302415 10.279675  4.981204 -2.778130  3.562038  0.652443  1.311193  0.13717380E+05
  439 33.297999 11.302587 10.269675  4.977827 -2.784445  3.562047  0.652749  1.312429  0.13783768E+05
  440 33.298013 11.302758 10.259676  4.974446 -2.790757  3.562055  0.653055  1.313662  0.13850623E+05
  441 33.298027 11.302928 10.249677  4.971064 -2.797067  3.562063  0.653358  1.314891  0.13917933E+05
  442 33.298040 11.303096 10.239677  4.967678 -2.803374  3.562070  0.653661  1.316118  0.13985682E+05
  443 33.298054 11.303262 10.229678  4.964290 -2.809677  3.562078  0.653963  1.317341  0.14053856E+05
  444 33.298067 11.303428 10.219678  4.960899 -2.815978  3.562085  0.654264  1.318561  0.14122438E+05
  445 33.298080 11.303592 10.209679  4.957505 -2.822276  3.562092  0.654564  1.319779  0.14191412E+05
  446 33.298092 11.303754 10.199679  4.954108 -2.828571  3.562099  0.654863  1.320994  0.14260760E+05
  447 33.298104 11.303916 10.189680  4.950707 -2.834862  3.562105  0.655161  1.322206  0.14330463E+05
  448 33.298116 11.304076 10.179680  4.947304 -2.841150  3.562112  0.655458  1.323417  0.14400504E+05
  449 33.298128 11.304234 10.169681  4.943898 -2.847435  3.562118  0.655755  1.324626  0.14470862E+05
  450 33.298140 11.304392 10.159681  4.940489 -2.853716  3.562124  0.656051  1.325833  0.14541519E+05
  451 33.298151 11.304548 10.149682  4.937077 -2.859994  3.562130  0.656346  1.327040  0.14612453E+05
  452 33.298162 11.304703 10.139683  4.933662 -2.866269  3.562136  0.656642  1.328246  0.14683646E+05
  453 33.298173 11.304856 10.129683  4.930244 -2.872540  3.562141  0.656936  1.329452  0.14755076E+05
  454 33.298183 11.305009 10.119684  4.926824 -2.878807  3.562147  0.657231  1.330658  0.14826723E+05
  455 33.298194 11.305160 10.109684  4.923401 -2.885071  3.562152  0.657526  1.331865  0.14898566E+05
  456 33.298204 11.305309 10.099685  4.919975 -2.891331  3.562157  0.657820  1.333074  0.14970584E+05
  457 33.298214 11.305458 10.089685  4.916546 -2.897589  3.562162  0.658115  1.334284  0.15042756E+05
  458 33.298223 11.305605 10.079686  4.913116 -2.903843  3.562167  0.658410  1.335497  0.15115157E+05
  459 33.298233 11.305751 10.069686  4.909682 -2.910093  3.562171  0.658706  1.336713  0.15187704E+05
  460 33.298242 11.305896 10.059687  4.906247 -2.916341  3.562176  0.659003  1.337933  0.15260348E+05
  461 33.298251 11.306040 10.049687  4.902810 -2.922585  3.562180  0.659300  1.339157  0.15333070E+05
  462 33.298260 11.306182 10.039688  4.899371 -2.928827  3.562184  0.659598  1.340387  0.15405849E+05
  463 33.298269 11.306324 10.029688  4.895931 -2.935065  3.562189  0.659897  1.341622  0.15478668E+05
  464 33.298277 11.306464 10.019689  4.892489 -2.941301  3.562193  0.660198  1.342864  0.15551508E+05
  465 33.298285 11.306603 10.009690  4.889046 -2.947535  3.562196  0.660500  1.344114  0.15624351E+05
  466 33.298293 11.306741  9.999690  4.885602 -2.953766  3.562200  0.660804  1.345371  0.15697181E+05
  467 33.298301 11.306877  9.989691  4.882157 -2.959994  3.562204  0.661110  1.346637  0.15769980E+05
  468 33.298309 11.307013  9.979691  4.878712 -2.966221  3.562207  0.661417  1.347913  0.15842733E+05
  469 33.298317 11.307147  9.969692  4.875267 -2.972446  3.562211  0.661727  1.349199  0.15915425E+05
  470 33.298324 11.307281  9.959692  4.871821 -2.978670  3.562214  0.662040  1.350497  0.15988042E+05
  471 33.298331 11.307413  9.949693  4.868376 -2.984891  3.562217  0.662355  1.351807  0.16060571E+05
  472 33.298339 11.307544  9.939693  4.864932 -2.991112  3.562221  0.662672  1.353129  0.16132999E+05
  473 33.298346 11.307674  9.929694  4.861489 -2.997332  3.562224  0.662993  1.354465  0.16205313E+05
  474 33.298352 11.307802  9.919694  4.858046 -3.003551  3.562227  0.663317  1.355816  0.16277504E+05
  475 33.298359 11.307930  9.909695  4.854606 -3.009770  3.562230  0.663644  1.357183  0.16349561E+05
  476 33.298366 11.308057  9.899695  4.851167 -3.015988  3.562232  0.663975  1.358565  0.16421474E+05
  477 33.298372 11.308183  9.889696  4.847730 -3.022206  3.562235  0.664310  1.359965  0.16493235E+05
  478 33.298378 11.308307  9.879697  4.844295 -3.028425  3.562238  0.664648  1.361383  0.16564837E+05
  479 33.298384 11.308431  9.869697  4.840864 -3.034644  3.562240  0.664991  1.362819  0.16636273E+05
  480 33.298390 11.308553  9.859698  4.837435 -3.040864  3.562243  0.665338  1.364275  0.16707536E+05
  481 33.298396 11.308675  9.849698  4.834010 -3.047085  3.562245  0.665689  1.365752  0.16778621E+05
  482 33.298402 11.308795  9.839699  4.830588 -3.053307  3.562248  0.666045  1.367250  0.16849524E+05
  483 33.298407 11.308915  9.829699  4.827171 -3.059532  3.562250  0.666407  1.368770  0.16920240E+05
  484 33.298413 11.309033  9.819700  4.823757 -3.065758  3.562252  0.666773  1.370314  0.16990767E+05
  485 33.298418 11.309150  9.809700  4.820349 -3.071986  3.562254  0.667144  1.371881  0.17061102E+05
  486 33.298424 11.309267  9.799701  4.816945 -3.078217  3.562256  0.667521  1.373472  0.17131243E+05
  487 33.298429 11.309382  9.789702  4.813546 -3.084451  3.562258  0.667903  1.375090  0.17201188E+05
  488 33.298434 11.309497  9.779702  4.810154 -3.090687  3.562260  0.668291  1.376733  0.17270938E+05
  489 33.298439 11.309610  9.769703  4.806767 -3.096928  3.562262  0.668685  1.378404  0.17340492E+05
  490 33.298443 11.309723  9.759703  4.803386 -3.103172  3.562264  0.669085  1.380103  0.17409850E+05
  491 33.298448 11.309835  9.749704  4.800012 -3.109420  3.562266  0.669491  1.381830  0.17479015E+05
  492 33.298453 11.309945  9.739705  4.796644 -3.115672  3.562268  0.669904  1.383587  0.17547986E+05
  493 33.298457 11.310055  9.729705  4.793284 -3.121929  3.562269  0.670323  1.385373  0.17616766E+05
  494 33.298462 11.310164  9.719706  4.789931 -3.128190  3.562271  0.670749  1.387191  0.17685358E+05
  495 33.298466 11.310272  9.709706  4.786586 -3.134457  3.562272  0.671181  1.389041  0.17753765E+05
  496 33.298470 11.310379  9.699707  4.783248 -3.140730  3.562274  0.671621  1.390922  0.17821990E+05
  497 33.298474 11.310485  9.689708  4.779919 -3.147008  3.562276  0.672068  1.392837  0.17890037E+05
  498 33.298478 11.310591  9.679708  4.776599 -3.153292  3.562277  0.672521  1.394786  0.17957911E+05
  499 33.298482 11.310695  9.669709  4.773288 -3.159583  3.562278  0.672983  1.396768  0.18025615E+05
  500 33.298486 11.310799  9.659709  4.769985 -3.165880  3.562280  0.673451  1.398786  0.18093156E+05
  501 33.298490 11.310901  9.649710  4.766692 -3.172184  3.562281  0.673928  1.400840  0.18160539E+05
  502 33.298493 11.311003  9.639711  4.763409 -3.178495  3.562282  0.674412  1.402930  0.18227770E+05
  503 33.298497 11.311104  9.629711  4.760135 -3.184814  3.562284  0.674903  1.405057  0.18294855E+05
  504 33.298501 11.311204  9.619712  4.756872 -3.191140  3.562285  0.675403  1.407222  0.18361803E+05
  505 33.298504 11.311304  9.609712  4.753619 -3.197475  3.562286  0.675910  1.409424  0.18428619E+05
  506 33.298507 11.311402  9.599713  4.750377 -3.203817  3.562287  0.676426  1.411666  0.18495312E+05
  507 33.298511 11.311500  9.589714  4.747145 -3.210168  3.562288  0.676950  1.413946  0.18561891E+05
  508 33.298514 11.311597  9.579714  4.743925 -3.216528  3.562289  0.677482  1.416267  0.18628364E+05
  509 33.298517 11.311693  9.569715  4.740716 -3.222897  3.562290  0.678022  1.418627  0.18694741E+05
  510 33.298520 11.311789  9.559716  4.737518 -3.229274  3.562291  0.678571  1.421029  0.18761031E+05
  511 33.298523 11.311883  9.549716  4.734332 -3.235662  3.562292  0.679128  1.423472  0.18827245E+05
  512 33.298526 11.311977  9.539717  4.731158 -3.242059  3.562293  0.679694  1.425956  0.18893393E+05
  513 33.298529 11.312070  9.529718  4.727996 -3.248466  3.562294  0.680268  1.428482  0.18959488E+05
  514 33.298532 11.312163  9.519718  4.724846 -3.254883  3.562295  0.680850  1.431051  0.19025542E+05
  515 33.298535 11.312254  9.509719  4.721708 -3.261310  3.562296  0.681442  1.433663  0.19091565E+05
  516 33.298537 11.312345  9.499720  4.718584 -3.267748  3.562297  0.682042  1.436319  0.19157573E+05
  517 33.298540 11.312435  9.489720  4.715471 -3.274196  3.562298  0.682650  1.439018  0.19223578E+05
  518 33.298543 11.312525  9.479721  4.712372 -3.280656  3.562299  0.683267  1.441761  0.19289594E+05
  519 33.298545 11.312614  9.469722  4.709286 -3.287126  3.562299  0.683893  1.444548  0.19355637E+05
  520 33.298548 11.312702  9.459722  4.706213 -3.293608  3.562300  0.684528  1.447380  0.19421721E+05
  521 33.298550 11.312789  9.449723  4.703153 -3.300101  3.562301  0.685172  1.450257  0.19487863E+05
  522 33.298552 11.312876  9.439724  4.700106 -3.306606  3.562302  0.685824  1.453179  0.19554078E+05
  523 33.298555 11.312962  9.429724  4.697073 -3.313122  3.562302  0.686485  1.456146  0.19620383E+05
  524 33.298557 11.313047  9.419725  4.694054 -3.319650  3.562303  0.687154  1.459159  0.19686796E+05
  525 33.298559 11.313132  9.409726  4.691048 -3.326191  3.562304  0.687832  1.462218  0.19753334E+05
  526 33.298561 11.313216  9.399727  4.688055 -3.332743  3.562304  0.688519  1.465322  0.19820016E+05
  527 33.298563 11.313299  9.389727  4.685077 -3.339307  3.562305  0.689215  1.468473  0.19886860E+05
  528 33.298565 11.313382  9.379728  4.682112 -3.345884  3.562306  0.689919  1.471671  0.19953884E+05
  529 33.298567 11.313464  9.369729  4.679161 -3.352473  3.562306  0.690631  1.474914  0.20021109E+05
  530 33.298569 11.313545  9.359729  4.676224 -3.359075  3.562307  0.691352  1.478204  0.20088553E+05
  531 33.298571 11.313626  9.349730  4.673301 -3.365689  3.562307  0.692082  1.481541  0.20156237E+05
  532 33.298573 11.313707  9.339731  4.670392 -3.372316  3.562308  0.692820  1.484924  0.20224181E+05
  533 33.298575 11.313786  9.329730  4.667496 -3.378956  3.562308  0.693566  1.488355  0.20292412E+05
  534 33.298576 11.313813  9.326295  4.666504 -3.381240  3.562309  0.693825  1.489544  0.20315921E+05
