# DMESTAR Mass Track Snapshot
#
# Model Number:    550  Age (Myr):    834.408
#  Mass (Msun):  1.000 Fe/H (dex):   0.04
#
#---------
   16  386
    1 28.361093  8.596623 17.205392  7.141342  1.949139  0.000117  0.641916  1.214394  0.69532142-309
    2 28.411093  8.613290 17.205355  7.141328  1.949117  0.000132  0.641916  1.214394  0.69532142-309
    3 28.461093  8.629958 17.205315  7.141312  1.949092  0.000148  0.641916  1.214394  0.69532142-309
    4 28.511093  8.646626 17.205271  7.141294  1.949066  0.000166  0.641916  1.214394  0.69532142-309
    5 28.561093  8.663296 17.205224  7.141276  1.949038  0.000186  0.641916  1.214394  0.69532142-309
    6 28.611093  8.679966 17.205173  7.141256  1.949008  0.000209  0.641916  1.214394  0.69532142-309
    7 28.661093  8.696637 17.205119  7.141234  1.948975  0.000234  0.641916  1.214394  0.69532142-309
    8 28.711093  8.713308 17.205060  7.141211  1.948939  0.000263  0.641916  1.214394  0.69532142-309
    9 28.761093  8.729981 17.204996  7.141185  1.948901  0.000294  0.641916  1.214394  0.69532142-309
   10 28.811093  8.746654 17.204927  7.141158  1.948860  0.000330  0.641916  1.214394  0.69532142-309
   11 28.861093  8.763328 17.204852  7.141128  1.948815  0.000370  0.641916  1.214394  0.69532142-309
   12 28.911093  8.780004 17.204772  7.141097  1.948767  0.000415  0.641916  1.214394  0.69532142-309
   13 28.961093  8.796679 17.204685  7.141062  1.948715  0.000466  0.641916  1.214394  0.69532142-309
   14 29.011093  8.813356 17.204591  7.141025  1.948658  0.000522  0.641916  1.214394  0.69532142-309
   15 29.061093  8.830034 17.204490  7.140985  1.948597  0.000586  0.641916  1.214394  0.69532142-309
   16 29.111093  8.846713 17.204381  7.140942  1.948532  0.000657  0.641916  1.214394  0.69532142-309
   17 29.161093  8.863393 17.204263  7.140895  1.948461  0.000736  0.641916  1.214394  0.69532142-309
   18 29.211093  8.880075 17.204135  7.140844  1.948384  0.000825  0.641916  1.214394  0.69532142-309
   19 29.261093  8.896757 17.203998  7.140790  1.948302  0.000925  0.641916  1.214394  0.69532142-309
   20 29.311093  8.913441 17.203849  7.140731  1.948212  0.001037  0.641916  1.214394  0.69532142-309
   21 29.361093  8.930127 17.203688  7.140667  1.948116  0.001162  0.641916  1.214394  0.69532142-309
   22 29.411093  8.946814 17.203515  7.140599  1.948012  0.001302  0.641916  1.214394  0.69532142-309
   23 29.461093  8.963503 17.203327  7.140524  1.947899  0.001459  0.641916  1.214394  0.69532142-309
   24 29.511093  8.980193 17.203125  7.140444  1.947778  0.001635  0.641916  1.214394  0.69532142-309
   25 29.561093  8.996886 17.202907  7.140358  1.947647  0.001832  0.641916  1.214394  0.69532142-309
   26 29.611093  9.013581 17.202671  7.140264  1.947505  0.002052  0.641916  1.214394  0.69532142-309
   27 29.661093  9.030278 17.202416  7.140163  1.947352  0.002298  0.641916  1.214394  0.69532142-309
   28 29.711093  9.046977 17.202140  7.140054  1.947187  0.002573  0.641916  1.214394  0.69532142-309
   29 29.761093  9.063679 17.201843  7.139936  1.947008  0.002881  0.641916  1.214394  0.69532142-309
   30 29.811093  9.080385 17.201522  7.139809  1.946815  0.003225  0.641916  1.214394  0.69532142-309
   31 29.861093  9.097093 17.201175  7.139671  1.946607  0.003609  0.641916  1.214394  0.69532142-309
   32 29.911093  9.113804 17.200800  7.139523  1.946382  0.004039  0.641916  1.214394  0.69532142-309
   33 29.961093  9.130519 17.200395  7.139362  1.946139  0.004519  0.641916  1.214394  0.69532142-309
   34 30.011093  9.147238 17.199957  7.139189  1.945876  0.005054  0.641916  1.214394  0.69532142-309
   35 30.061093  9.163962 17.199485  7.139002  1.945592  0.005651  0.641916  1.214394  0.69532142-309
   36 30.111093  9.180690 17.198974  7.138800  1.945285  0.006318  0.641916  1.214394  0.69532142-309
   37 30.161093  9.197422 17.198422  7.138581  1.944954  0.007060  0.641916  1.214394  0.69532142-309
   38 30.211093  9.214160 17.197826  7.138345  1.944596  0.007888  0.641916  1.214394  0.69532142-309
   39 30.261093  9.230904 17.197182  7.138089  1.944209  0.008810  0.641916  1.214394  0.69532142-309
   40 30.311093  9.247654 17.196486  7.137814  1.943791  0.009836  0.641916  1.214394  0.69532142-309
   41 30.361093  9.264411 17.195733  7.137516  1.943340  0.010977  0.641916  1.214394  0.69532142-309
   42 30.411093  9.281175 17.194920  7.137193  1.942851  0.012245  0.641916  1.214394  0.69532142-309
   43 30.461093  9.297947 17.194041  7.136845  1.942324  0.013654  0.641916  1.214394  0.69532142-309
   44 30.511093  9.314728 17.193091  7.136469  1.941753  0.015217  0.641916  1.214394  0.69532142-309
   45 30.561093  9.331517 17.192064  7.136062  1.941137  0.016950  0.641916  1.214394  0.69532142-309
   46 30.611093  9.348317 17.190954  7.135622  1.940470  0.018871  0.641916  1.214394  0.69532142-309
   47 30.661093  9.365128 17.189753  7.135146  1.939749  0.020996  0.641916  1.214394  0.69532142-309
   48 30.711093  9.381950 17.188454  7.134632  1.938969  0.023345  0.641916  1.214394  0.69532142-309
   49 30.761093  9.398784 17.187050  7.134075  1.938126  0.025939  0.641916  1.214394  0.69532142-309
   50 30.811093  9.415633 17.185531  7.133474  1.937214  0.028800  0.641916  1.214394  0.69532142-309
   51 30.861093  9.432496 17.183888  7.132823  1.936228  0.031951  0.641916  1.214394  0.69532142-309
   52 30.911093  9.449375 17.182110  7.132118  1.935160  0.035416  0.641916  1.214394  0.69532142-309
   53 30.961093  9.466272 17.180186  7.131356  1.934005  0.039221  0.641916  1.214394  0.69532142-309
   54 31.011093  9.483188 17.178103  7.130531  1.932754  0.043392  0.641916  1.214394  0.69532142-309
   55 31.061093  9.500124 17.175848  7.129637  1.931401  0.047956  0.641916  1.214394  0.69532142-309
   56 31.111093  9.517082 17.173407  7.128670  1.929935  0.052941  0.641916  1.214394  0.69532142-309
   57 31.161093  9.534064 17.170762  7.127622  1.928347  0.058373  0.641916  1.214394  0.69532142-309
   58 31.211093  9.551073 17.167898  7.126487  1.926627  0.064280  0.641916  1.214394  0.69532142-309
   59 31.261093  9.568109 17.164793  7.125257  1.924763  0.070689  0.641916  1.214394  0.69532142-309
   60 31.311093  9.585177 17.161428  7.123924  1.922743  0.077623  0.641916  1.214394  0.69532142-309
   61 31.361093  9.602278 17.157779  7.122478  1.920553  0.085106  0.641916  1.214394  0.69532142-309
   62 31.411093  9.619416 17.153820  7.120912  1.918173  0.093158  0.641912  1.214388  0.00000000E+00
   63 31.461093  9.636594 17.149525  7.119229  1.915574  0.101796  0.641910  1.214386  0.00000000E+00
   64 31.511093  9.653816 17.144861  7.117430  1.912725  0.111038  0.641909  1.214385  0.00000000E+00
   65 31.561093  9.671088 17.139796  7.115511  1.909598  0.120898  0.641911  1.214387  0.00000000E+00
   66 31.611093  9.688415 17.134293  7.113466  1.906144  0.131387  0.641886  1.214352  0.00000000E+00
   67 31.661093  9.705807 17.128309  7.111277  1.902204  0.143732  0.641638  1.213998  0.00000000E+00
   68 31.711093  9.723278 17.121800  7.108917  1.897623  0.158223  0.640965  1.213036  0.00000000E+00
   69 31.759846  9.740413 17.114901  7.106429  1.892063  0.173593  0.639234  1.210563  0.00000000E+00
   70 31.804882  9.756342 17.108001  7.103954  1.886712  0.188958  0.637835  1.208561  0.00000000E+00
   71 31.846905  9.771289 17.101068  7.101478  1.881659  0.204325  0.636922  1.207253  0.00000000E+00
   72 31.886427  9.785416 17.094075  7.098993  1.876708  0.219693  0.636231  1.206263  0.00000000E+00
   73 31.923824  9.798848 17.087005  7.096491  1.871746  0.235062  0.635613  1.205378  0.00000000E+00
   74 31.959388  9.811682 17.079841  7.093969  1.866729  0.250431  0.635021  1.204528  0.00000000E+00
   75 31.993360  9.824001 17.072569  7.091420  1.861640  0.265800  0.634443  1.203700  0.00000000E+00
   76 32.025938  9.835873 17.065173  7.088840  1.856467  0.281169  0.633878  1.202888  0.00000000E+00
   77 32.057293  9.847355 17.057639  7.086224  1.851199  0.296539  0.633323  1.202091  0.00000000E+00
   78 32.087567  9.858498 17.049952  7.083569  1.845824  0.311908  0.632777  1.201307  0.00000000E+00
   79 32.116887  9.869346 17.042095  7.080868  1.840331  0.327277  0.632239  1.200534  0.00000000E+00
   80 32.145358  9.879935 17.034053  7.078119  1.834709  0.342646  0.631710  1.199772  0.00000000E+00
   81 32.173075  9.890301 17.025810  7.075314  1.828945  0.358013  0.631188  1.199022  0.00000000E+00
   82 32.200121  9.900471 17.017347  7.072451  1.823028  0.373379  0.630675  1.198283  0.00000000E+00
   83 32.226574  9.910476 17.008645  7.069523  1.816944  0.388744  0.630170  1.197556  0.00000000E+00
   84 32.252502  9.920340 16.999684  7.066523  1.810678  0.404108  0.629673  1.196840  0.00000000E+00
   85 32.277974  9.930090 16.990438  7.063447  1.804212  0.419471  0.629184  1.196137  0.00000000E+00
   86 32.303055  9.939751 16.980881  7.060284  1.797527  0.434833  0.628705  1.195446  0.00000000E+00
   87 32.327812  9.949350 16.970978  7.057028  1.790600  0.450196  0.628235  1.194769  0.00000000E+00
   88 32.351676  9.958665 16.960966  7.053754  1.783593  0.465161  0.627785  1.194120  0.00000000E+00
   89 32.374461  9.967618 16.950953  7.050501  1.776582  0.479557  0.627359  1.193504  0.00000000E+00
   90 32.396247  9.976237 16.940941  7.047268  1.769567  0.493391  0.626954  1.192920  0.00000000E+00
   91 32.417110  9.984548 16.930929  7.044054  1.762546  0.506669  0.626568  1.192363  0.00000000E+00
   92 32.437116  9.992571 16.920917  7.040859  1.755519  0.519401  0.626201  1.191834  0.00000000E+00
   93 32.456324 10.000327 16.910906  7.037684  1.748486  0.531598  0.625852  1.191329  0.00000000E+00
   94 32.474787 10.007834 16.900895  7.034528  1.741445  0.543272  0.625520  1.190849  0.00000000E+00
   95 32.492555 10.015108 16.890884  7.031391  1.734396  0.554436  0.625203  1.190391  0.00000000E+00
   96 32.509671 10.022163 16.880873  7.028273  1.727338  0.565107  0.624901  1.189955  0.00000000E+00
   97 32.526175 10.029014 16.870862  7.025174  1.720272  0.575300  0.624614  1.189540  0.00000000E+00
   98 32.542102 10.035671 16.860852  7.022094  1.713196  0.585032  0.624340  1.189144  0.00000000E+00
   99 32.557487 10.042147 16.850842  7.019033  1.706111  0.594321  0.624079  1.188766  0.00000000E+00
  100 32.572359 10.048451 16.840831  7.015990  1.699015  0.603183  0.623830  1.188406  0.00000000E+00
  101 32.586747 10.054594 16.830821  7.012966  1.691910  0.611637  0.623593  1.188063  0.00000000E+00
  102 32.600676 10.060582 16.820812  7.009960  1.684794  0.619698  0.623367  1.187736  0.00000000E+00
  103 32.614171 10.066425 16.810802  7.006972  1.677667  0.627384  0.623151  1.187424  0.00000000E+00
  104 32.627252 10.072130 16.800792  7.004002  1.670530  0.634711  0.622946  1.187127  0.00000000E+00
  105 32.639941 10.077703 16.790783  7.001050  1.663381  0.641693  0.622750  1.186843  0.00000000E+00
  106 32.652257 10.083151 16.780773  6.998115  1.656221  0.648347  0.622563  1.186573  0.00000000E+00
  107 32.664217 10.088481 16.770764  6.995198  1.649050  0.654686  0.622385  1.186315  0.00000000E+00
  108 32.675837 10.093696 16.760755  6.992298  1.641868  0.660725  0.622215  1.186069  0.00000000E+00
  109 32.687134 10.098804 16.750746  6.989414  1.634675  0.666477  0.622053  1.185834  0.00000000E+00
  110 32.698120 10.103808 16.740737  6.986547  1.627471  0.671954  0.621899  1.185610  0.00000000E+00
  111 32.708811 10.108712 16.730728  6.983696  1.620255  0.677169  0.621751  1.185396  0.00000000E+00
  112 32.719217 10.113522 16.720719  6.980861  1.613028  0.682134  0.621611  1.185193  0.00000000E+00
  113 32.729352 10.118241 16.710711  6.978042  1.605789  0.686861  0.621476  1.184998  0.00000000E+00
  114 32.739226 10.122873 16.700702  6.975239  1.598539  0.691359  0.621349  1.184813  0.00000000E+00
  115 32.748850 10.127421 16.690694  6.972451  1.591278  0.695640  0.621227  1.184637  0.00000000E+00
  116 32.758234 10.131889 16.680686  6.969679  1.584005  0.699714  0.621110  1.184468  0.00000000E+00
  117 32.767386 10.136279 16.670677  6.966922  1.576720  0.703590  0.621000  1.184307  0.00000000E+00
  118 32.776316 10.140595 16.660669  6.964179  1.569425  0.707277  0.620894  1.184154  0.00000000E+00
  119 32.785032 10.144840 16.650661  6.961452  1.562117  0.710785  0.620793  1.184008  0.00000000E+00
  120 32.793542 10.149016 16.640653  6.958739  1.554799  0.714122  0.620697  1.183869  0.00000000E+00
  121 32.801853 10.153126 16.630646  6.956040  1.547469  0.717295  0.620605  1.183736  0.00000000E+00
  122 32.809972 10.157172 16.620638  6.953356  1.540128  0.720313  0.620518  1.183610  0.00000000E+00
  123 32.817907 10.161155 16.610630  6.950686  1.532775  0.723184  0.620435  1.183489  0.00000000E+00
  124 32.825663 10.165080 16.600622  6.948029  1.525411  0.725913  0.620356  1.183374  0.00000000E+00
  125 32.833246 10.168947 16.590615  6.945386  1.518037  0.728508  0.620280  1.183265  0.00000000E+00
  126 32.840663 10.172758 16.580608  6.942757  1.510651  0.730976  0.620208  1.183161  0.00000000E+00
  127 32.847919 10.176515 16.570600  6.940140  1.503253  0.733321  0.620140  1.183061  0.00000000E+00
  128 32.855018 10.180221 16.560593  6.937537  1.495845  0.735551  0.620075  1.182967  0.00000000E+00
  129 32.861967 10.183876 16.550586  6.934947  1.488427  0.737669  0.620013  1.182877  0.00000000E+00
  130 32.868769 10.187482 16.540578  6.932369  1.480997  0.739681  0.619954  1.182791  0.00000000E+00
  131 32.875430 10.191042 16.530571  6.929804  1.473556  0.741591  0.619897  1.182710  0.00000000E+00
  132 32.881953 10.194555 16.520564  6.927252  1.466105  0.743402  0.619844  1.182632  0.00000000E+00
  133 32.888344 10.198024 16.510557  6.924711  1.458643  0.745118  0.619793  1.182559  0.00000000E+00
  134 32.894605 10.201450 16.500550  6.922183  1.451171  0.746741  0.619745  1.182489  0.00000000E+00
  135 32.900740 10.204834 16.490544  6.919667  1.443688  0.748273  0.619699  1.182422  0.00000000E+00
  136 32.906754 10.208178 16.480537  6.917162  1.436194  0.749716  0.619655  1.182358  0.00000000E+00
  137 32.912650 10.211483 16.470530  6.914669  1.428690  0.751072  0.619612  1.182296  0.00000000E+00
  138 32.918430 10.214749 16.460523  6.912188  1.421174  0.752342  0.619571  1.182236  0.00000000E+00
  139 32.924100 10.217978 16.450517  6.909717  1.413648  0.753528  0.619531  1.182178  0.00000000E+00
  140 32.929660 10.221171 16.440510  6.907259  1.406111  0.754631  0.619492  1.182121  0.00000000E+00
  141 32.935115 10.224329 16.430504  6.904811  1.398562  0.755655  0.619453  1.182066  0.00000000E+00
  142 32.940468 10.227452 16.420497  6.902375  1.391003  0.756602  0.619415  1.182011  0.00000000E+00
  143 32.945720 10.230543 16.410491  6.899950  1.383433  0.757475  0.619378  1.181957  0.00000000E+00
  144 32.950876 10.233601 16.400484  6.897535  1.375852  0.758278  0.619342  1.181904  0.00000000E+00
  145 32.955936 10.236628 16.390478  6.895130  1.368261  0.759017  0.619305  1.181851  0.00000000E+00
  146 32.960904 10.239625 16.380472  6.892736  1.360660  0.759694  0.619269  1.181798  0.00000000E+00
  147 32.965783 10.242591 16.370466  6.890351  1.353048  0.760315  0.619232  1.181746  0.00000000E+00
  148 32.970573 10.245528 16.360459  6.887977  1.345427  0.760885  0.619197  1.181694  0.00000000E+00
  149 32.975279 10.248437 16.350453  6.885612  1.337795  0.761408  0.619162  1.181643  0.00000000E+00
  150 32.979901 10.251319 16.340447  6.883257  1.330154  0.761888  0.619127  1.181593  0.00000000E+00
  151 32.984442 10.254173 16.330441  6.880911  1.322504  0.762331  0.619093  1.181544  0.00000000E+00
  152 32.988904 10.257002 16.320435  6.878575  1.314845  0.762738  0.619060  1.181495  0.00000000E+00
  153 32.993288 10.259804 16.310429  6.876247  1.307176  0.763115  0.619027  1.181448  0.00000000E+00
  154 32.997597 10.262582 16.300423  6.873929  1.299499  0.763463  0.618995  1.181402  0.00000000E+00
  155 33.001832 10.265335 16.290417  6.871620  1.291813  0.763786  0.618964  1.181357  0.00000000E+00
  156 33.005995 10.268065 16.280411  6.869320  1.284118  0.764087  0.618934  1.181313  0.00000000E+00
  157 33.010088 10.270771 16.270405  6.867028  1.276414  0.764367  0.618904  1.181270  0.00000000E+00
  158 33.014113 10.273455 16.260400  6.864745  1.268703  0.764628  0.618876  1.181228  0.00000000E+00
  159 33.018070 10.276116 16.250394  6.862470  1.260983  0.764873  0.618848  1.181188  0.00000000E+00
  160 33.021962 10.278755 16.240388  6.860204  1.253255  0.765102  0.618821  1.181149  0.00000000E+00
  161 33.025789 10.281374 16.230382  6.857945  1.245520  0.765317  0.618795  1.181111  0.00000000E+00
  162 33.029554 10.283971 16.220377  6.855694  1.237777  0.765519  0.618769  1.181074  0.00000000E+00
  163 33.033258 10.286549 16.210371  6.853452  1.230026  0.765709  0.618745  1.181039  0.00000000E+00
  164 33.036902 10.289106 16.200366  6.851217  1.222267  0.765888  0.618721  1.181004  0.00000000E+00
  165 33.040487 10.291644 16.190360  6.848989  1.214501  0.766056  0.618698  1.180971  0.00000000E+00
  166 33.044015 10.294163 16.180354  6.846769  1.206728  0.766215  0.618675  1.180938  0.00000000E+00
  167 33.047487 10.296663 16.170349  6.844556  1.198948  0.766365  0.618654  1.180907  0.00000000E+00
  168 33.050903 10.299146 16.160343  6.842351  1.191160  0.766507  0.618633  1.180876  0.00000000E+00
  169 33.054266 10.301610 16.150338  6.840152  1.183366  0.766641  0.618613  1.180847  0.00000000E+00
  170 33.057577 10.304057 16.140332  6.837960  1.175565  0.766767  0.618593  1.180819  0.00000000E+00
  171 33.060835 10.306486 16.130327  6.835775  1.167757  0.766887  0.618574  1.180791  0.00000000E+00
  172 33.064043 10.308899 16.120322  6.833597  1.159943  0.767000  0.618555  1.180764  0.00000000E+00
  173 33.067202 10.311296 16.110316  6.831425  1.152122  0.767108  0.618538  1.180738  0.00000000E+00
  174 33.070312 10.313676 16.100311  6.829260  1.144294  0.767209  0.618520  1.180713  0.00000000E+00
  175 33.073375 10.316041 16.090306  6.827101  1.136460  0.767305  0.618503  1.180689  0.00000000E+00
  176 33.076391 10.318390 16.080300  6.824949  1.128620  0.767396  0.618487  1.180665  0.00000000E+00
  177 33.079361 10.320724 16.070295  6.822802  1.120774  0.767482  0.618471  1.180642  0.00000000E+00
  178 33.082286 10.323043 16.060290  6.820661  1.112922  0.767563  0.618456  1.180620  0.00000000E+00
  179 33.085168 10.325348 16.050285  6.818526  1.105064  0.767641  0.618441  1.180599  0.00000000E+00
  180 33.088007 10.327638 16.040279  6.816397  1.097200  0.767714  0.618427  1.180578  0.00000000E+00
  181 33.090803 10.329914 16.030274  6.814274  1.089331  0.767783  0.618413  1.180557  0.00000000E+00
  182 33.093558 10.332177 16.020269  6.812156  1.081455  0.767848  0.618399  1.180538  0.00000000E+00
  183 33.096272 10.334425 16.010264  6.810044  1.073575  0.767910  0.618386  1.180518  0.00000000E+00
  184 33.098947 10.336661 16.000259  6.807937  1.065688  0.767969  0.618373  1.180500  0.00000000E+00
  185 33.101582 10.338883 15.990254  6.805835  1.057797  0.768025  0.618360  1.180482  0.00000000E+00
  186 33.104179 10.341093 15.980249  6.803739  1.049900  0.768077  0.618348  1.180464  0.00000000E+00
  187 33.106738 10.343290 15.970244  6.801648  1.041998  0.768127  0.618336  1.180447  0.00000000E+00
  188 33.109260 10.345475 15.960239  6.799561  1.034090  0.768174  0.618325  1.180431  0.00000000E+00
  189 33.111746 10.347647 15.950234  6.797480  1.026178  0.768219  0.618314  1.180414  0.00000000E+00
  190 33.114197 10.349808 15.940229  6.795403  1.018261  0.768261  0.618303  1.180399  0.00000000E+00
  191 33.116612 10.351957 15.930224  6.793330  1.010339  0.768302  0.618292  1.180383  0.00000000E+00
  192 33.118993 10.354094 15.920219  6.791263  1.002413  0.768339  0.618282  1.180368  0.00000000E+00
  193 33.121340 10.356220 15.910214  6.789199  0.994482  0.768375  0.618271  1.180353  0.00000000E+00
  194 33.123654 10.358335 15.900209  6.787140  0.986546  0.768409  0.618261  1.180339  0.00000000E+00
  195 33.125935 10.360439 15.890204  6.785085  0.978607  0.768441  0.618252  1.180325  0.00000000E+00
  196 33.128184 10.362532 15.880199  6.783034  0.970662  0.768472  0.618242  1.180311  0.00000000E+00
  197 33.130402 10.364615 15.870194  6.780988  0.962714  0.768501  0.618233  1.180297  0.00000000E+00
  198 33.132589 10.366687 15.860189  6.778945  0.954761  0.768528  0.618224  1.180284  0.00000000E+00
  199 33.134745 10.368749 15.850184  6.776906  0.946804  0.768553  0.618215  1.180271  0.00000000E+00
  200 33.136872 10.370800 15.840179  6.774871  0.938844  0.768578  0.618206  1.180259  0.00000000E+00
  201 33.138969 10.372842 15.830175  6.772840  0.930879  0.768601  0.618197  1.180246  0.00000000E+00
  202 33.141037 10.374874 15.820170  6.770813  0.922910  0.768622  0.618189  1.180234  0.00000000E+00
  203 33.143077 10.376897 15.810165  6.768789  0.914938  0.768643  0.618181  1.180222  0.00000000E+00
  204 33.145089 10.378910 15.800160  6.766768  0.906962  0.768662  0.618173  1.180210  0.00000000E+00
  205 33.147074 10.380913 15.790155  6.764752  0.898982  0.768681  0.618165  1.180199  0.00000000E+00
  206 33.149031 10.382908 15.780151  6.762738  0.890999  0.768698  0.618157  1.180188  0.00000000E+00
  207 33.150962 10.384893 15.770146  6.760728  0.883012  0.768714  0.618149  1.180177  0.00000000E+00
  208 33.152867 10.386870 15.760141  6.758721  0.875021  0.768730  0.618142  1.180166  0.00000000E+00
  209 33.154746 10.388837 15.750137  6.756717  0.867028  0.768745  0.618134  1.180155  0.00000000E+00
  210 33.156600 10.390796 15.740132  6.754716  0.859031  0.768758  0.618127  1.180145  0.00000000E+00
  211 33.158429 10.392747 15.730127  6.752719  0.851030  0.768771  0.618120  1.180135  0.00000000E+00
  212 33.160233 10.394689 15.720122  6.750724  0.843027  0.768784  0.618113  1.180124  0.00000000E+00
  213 33.162013 10.396623 15.710118  6.748732  0.835021  0.768795  0.618106  1.180114  0.00000000E+00
  214 33.163770 10.398549 15.700113  6.746743  0.827011  0.768806  0.618099  1.180105  0.00000000E+00
  215 33.165503 10.400466 15.690108  6.744757  0.818999  0.768816  0.618093  1.180095  0.00000000E+00
  216 33.167213 10.402376 15.680104  6.742773  0.810983  0.768826  0.618086  1.180085  0.00000000E+00
  217 33.168901 10.404278 15.670099  6.740793  0.802965  0.768835  0.618080  1.180076  0.00000000E+00
  218 33.170567 10.406172 15.660095  6.738814  0.794944  0.768844  0.618073  1.180067  0.00000000E+00
  219 33.172210 10.408059 15.650090  6.736839  0.786920  0.768852  0.618067  1.180058  0.00000000E+00
  220 33.173832 10.409938 15.640085  6.734865  0.778893  0.768859  0.618061  1.180049  0.00000000E+00
  221 33.175433 10.411810 15.630081  6.732894  0.770864  0.768867  0.618054  1.180040  0.00000000E+00
  222 33.177013 10.413674 15.620076  6.730926  0.762833  0.768873  0.618048  1.180031  0.00000000E+00
  223 33.178572 10.415531 15.610072  6.728960  0.754799  0.768880  0.618042  1.180022  0.00000000E+00
  224 33.180111 10.417381 15.600067  6.726995  0.746762  0.768886  0.618036  1.180014  0.00000000E+00
  225 33.181630 10.419225 15.590063  6.725034  0.738723  0.768891  0.618030  1.180005  0.00000000E+00
  226 33.183129 10.421061 15.580058  6.723074  0.730682  0.768896  0.618025  1.179997  0.00000000E+00
  227 33.184609 10.422890 15.570054  6.721116  0.722639  0.768901  0.618019  1.179989  0.00000000E+00
  228 33.186069 10.424713 15.560049  6.719160  0.714593  0.768906  0.618013  1.179981  0.00000000E+00
  229 33.187511 10.426529 15.550045  6.717207  0.706545  0.768910  0.618007  1.179972  0.00000000E+00
  230 33.188935 10.428338 15.540040  6.715255  0.698496  0.768914  0.618002  1.179964  0.00000000E+00
  231 33.190340 10.430141 15.530036  6.713305  0.690444  0.768918  0.617996  1.179956  0.00000000E+00
  232 33.191727 10.431937 15.520031  6.711356  0.682390  0.768922  0.617991  1.179948  0.00000000E+00
  233 33.193096 10.433727 15.510027  6.709410  0.674334  0.768925  0.617985  1.179941  0.00000000E+00
  234 33.194448 10.435511 15.500022  6.707465  0.666276  0.768928  0.617980  1.179933  0.00000000E+00
  235 33.195783 10.437289 15.490018  6.705521  0.658217  0.768931  0.617974  1.179925  0.00000000E+00
  236 33.197101 10.439060 15.480013  6.703580  0.650156  0.768934  0.617969  1.179917  0.00000000E+00
  237 33.198402 10.440826 15.470009  6.701639  0.642093  0.768936  0.617963  1.179909  0.00000000E+00
  238 33.199686 10.442585 15.460005  6.699701  0.634028  0.768939  0.617958  1.179902  0.00000000E+00
  239 33.200955 10.444339 15.450000  6.697763  0.625962  0.768941  0.617953  1.179894  0.00000000E+00
  240 33.202207 10.446087 15.439996  6.695828  0.617894  0.768943  0.617947  1.179886  0.00000000E+00
  241 33.203443 10.447829 15.429991  6.693893  0.609825  0.768945  0.617942  1.179879  0.00000000E+00
  242 33.204664 10.449565 15.419987  6.691961  0.601753  0.768946  0.617937  1.179872  0.00000000E+00
  243 33.205870 10.451296 15.409983  6.690029  0.593681  0.768948  0.617932  1.179864  0.00000000E+00
  244 33.207060 10.453021 15.399978  6.688099  0.585606  0.768949  0.617927  1.179857  0.00000000E+00
  245 33.208235 10.454741 15.389974  6.686170  0.577531  0.768951  0.617922  1.179850  0.00000000E+00
  246 33.209396 10.456455 15.379969  6.684243  0.569454  0.768952  0.617917  1.179843  0.00000000E+00
  247 33.210542 10.458163 15.369965  6.682316  0.561375  0.768953  0.617912  1.179836  0.00000000E+00
  248 33.211674 10.459867 15.359961  6.680391  0.553296  0.768954  0.617907  1.179829  0.00000000E+00
  249 33.212792 10.461565 15.349956  6.678467  0.545215  0.768955  0.617902  1.179822  0.00000000E+00
  250 33.213896 10.463258 15.339952  6.676544  0.537132  0.768956  0.617898  1.179815  0.00000000E+00
  251 33.214986 10.464946 15.329948  6.674622  0.529049  0.768957  0.617893  1.179808  0.00000000E+00
  252 33.216062 10.466628 15.319943  6.672701  0.520964  0.768957  0.617888  1.179802  0.00000000E+00
  253 33.217125 10.468306 15.309939  6.670781  0.512879  0.768958  0.617883  1.179795  0.00000000E+00
  254 33.218175 10.469978 15.299935  6.668862  0.504792  0.768958  0.617878  1.179788  0.00000000E+00
  255 33.219212 10.471646 15.289930  6.666943  0.496705  0.768959  0.617874  1.179781  0.00000000E+00
  256 33.220237 10.473309 15.279926  6.665025  0.488616  0.768959  0.617869  1.179775  0.00000000E+00
  257 33.221248 10.474966 15.269922  6.663109  0.480527  0.768960  0.617864  1.179768  0.00000000E+00
  258 33.222247 10.476619 15.259917  6.661192  0.472437  0.768960  0.617860  1.179761  0.00000000E+00
  259 33.223234 10.478268 15.249913  6.659277  0.464346  0.768960  0.617855  1.179755  0.00000000E+00
  260 33.224209 10.479911 15.239909  6.657362  0.456254  0.768960  0.617850  1.179748  0.00000000E+00
  261 33.225171 10.481550 15.229905  6.655447  0.448162  0.768961  0.617846  1.179742  0.00000000E+00
  262 33.226122 10.483184 15.219900  6.653533  0.440069  0.768961  0.617841  1.179735  0.00000000E+00
  263 33.227061 10.484813 15.209896  6.651619  0.431975  0.768961  0.617837  1.179729  0.00000000E+00
  264 33.227988 10.486438 15.199892  6.649706  0.423881  0.768961  0.617832  1.179722  0.00000000E+00
  265 33.228905 10.488059 15.189888  6.647793  0.415787  0.768961  0.617828  1.179716  0.00000000E+00
  266 33.229810 10.489675 15.179883  6.645880  0.407692  0.768961  0.617823  1.179709  0.00000000E+00
  267 33.230703 10.491286 15.169879  6.643968  0.399597  0.768961  0.617819  1.179703  0.00000000E+00
  268 33.231586 10.492894 15.159875  6.642055  0.391501  0.768961  0.617814  1.179697  0.00000000E+00
  269 33.232459 10.494496 15.149871  6.640143  0.383406  0.768961  0.617810  1.179690  0.00000000E+00
  270 33.233320 10.496095 15.139866  6.638231  0.375310  0.768961  0.617805  1.179684  0.00000000E+00
  271 33.234171 10.497689 15.129862  6.636319  0.367214  0.768960  0.617801  1.179678  0.00000000E+00
  272 33.235012 10.499279 15.119858  6.634406  0.359118  0.768960  0.617796  1.179672  0.00000000E+00
  273 33.235842 10.500864 15.109854  6.632494  0.351022  0.768960  0.617792  1.179665  0.00000000E+00
  274 33.236662 10.502446 15.099850  6.630581  0.342927  0.768960  0.617787  1.179659  0.00000000E+00
  275 33.237473 10.504023 15.089845  6.628668  0.334831  0.768960  0.617783  1.179653  0.00000000E+00
  276 33.238273 10.505596 15.079841  6.626755  0.326736  0.768959  0.617779  1.179647  0.00000000E+00
  277 33.239064 10.507165 15.069837  6.624842  0.318640  0.768959  0.617774  1.179640  0.00000000E+00
  278 33.239845 10.508730 15.059833  6.622928  0.310546  0.768959  0.617770  1.179634  0.00000000E+00
  279 33.240616 10.510291 15.049829  6.621013  0.302451  0.768958  0.617766  1.179628  0.00000000E+00
  280 33.241379 10.511848 15.039824  6.619098  0.294357  0.768958  0.617761  1.179622  0.00000000E+00
  281 33.242132 10.513401 15.029820  6.617182  0.286264  0.768958  0.617757  1.179616  0.00000000E+00
  282 33.242876 10.514950 15.019816  6.615266  0.278171  0.768958  0.617752  1.179610  0.00000000E+00
  283 33.243610 10.516495 15.009812  6.613349  0.270079  0.768957  0.617748  1.179604  0.00000000E+00
  284 33.244336 10.518037 14.999808  6.611431  0.261987  0.768957  0.617744  1.179598  0.00000000E+00
  285 33.245053 10.519574 14.989803  6.609512  0.253897  0.768956  0.617740  1.179592  0.00000000E+00
  286 33.245762 10.521107 14.979799  6.607592  0.245807  0.768956  0.617735  1.179586  0.00000000E+00
  287 33.246462 10.522637 14.969795  6.605671  0.237719  0.768956  0.617731  1.179580  0.00000000E+00
  288 33.247153 10.524163 14.959791  6.603749  0.229631  0.768955  0.617727  1.179574  0.00000000E+00
  289 33.247836 10.525685 14.949787  6.601826  0.221545  0.768955  0.617723  1.179568  0.00000000E+00
  290 33.248511 10.527203 14.939783  6.599901  0.213460  0.768955  0.617719  1.179562  0.00000000E+00
  291 33.249178 10.528717 14.929778  6.597975  0.205376  0.768954  0.617714  1.179556  0.00000000E+00
  292 33.249837 10.530228 14.919774  6.596048  0.197293  0.768954  0.617710  1.179551  0.00000000E+00
  293 33.250487 10.531735 14.909770  6.594118  0.189213  0.768954  0.617706  1.179545  0.00000000E+00
  294 33.251130 10.533238 14.899766  6.592187  0.181134  0.768953  0.617702  1.179539  0.00000000E+00
  295 33.251765 10.534738 14.889762  6.590255  0.173056  0.768953  0.617698  1.179533  0.00000000E+00
  296 33.252392 10.536234 14.879758  6.588320  0.164981  0.768952  0.617693  1.179527  0.00000000E+00
  297 33.253012 10.537726 14.869754  6.586383  0.156907  0.768952  0.617689  1.179521  0.00000000E+00
  298 33.253625 10.539215 14.859750  6.584444  0.148836  0.768952  0.617685  1.179515  0.00000000E+00
  299 33.254229 10.540700 14.849745  6.582503  0.140766  0.768951  0.617681  1.179509  0.00000000E+00
  300 33.254827 10.542181 14.839741  6.580560  0.132699  0.768951  0.617676  1.179503  0.00000000E+00
  301 33.255418 10.543659 14.829737  6.578614  0.124635  0.768950  0.617672  1.179497  0.00000000E+00
  302 33.256001 10.545134 14.819733  6.576666  0.116573  0.768950  0.617668  1.179491  0.00000000E+00
  303 33.256577 10.546604 14.809729  6.574715  0.108513  0.768950  0.617664  1.179486  0.00000000E+00
  304 33.257146 10.548072 14.799725  6.572761  0.100456  0.768949  0.617659  1.179480  0.00000000E+00
  305 33.257709 10.549535 14.789721  6.570805  0.092402  0.768949  0.617655  1.179474  0.00000000E+00
  306 33.258264 10.550995 14.779717  6.568846  0.084351  0.768948  0.617651  1.179468  0.00000000E+00
  307 33.258813 10.552452 14.769712  6.566883  0.076303  0.768948  0.617647  1.179462  0.00000000E+00
  308 33.259356 10.553905 14.759708  6.564917  0.068258  0.768948  0.617642  1.179456  0.00000000E+00
  309 33.259891 10.555355 14.749704  6.562948  0.060216  0.768947  0.617638  1.179450  0.00000000E+00
  310 33.260421 10.556801 14.739700  6.560976  0.052178  0.768947  0.617634  1.179445  0.00000000E+00
  311 33.260944 10.558244 14.729696  6.559000  0.044143  0.768946  0.617630  1.179439  0.00000000E+00
  312 33.261460 10.559683 14.719692  6.557020  0.036113  0.768946  0.617626  1.179433  0.00000000E+00
  313 33.261970 10.561118 14.709688  6.555037  0.028086  0.768946  0.617622  1.179427  0.00000000E+00
  314 33.262475 10.562551 14.699684  6.553049  0.020062  0.768945  0.617617  1.179421  0.00000000E+00
  315 33.262973 10.563979 14.689680  6.551057  0.012044  0.768945  0.617613  1.179416  0.00000000E+00
  316 33.263465 10.565404 14.679676  6.549062  0.004029  0.768945  0.617609  1.179410  0.00000000E+00
  317 33.263951 10.566826 14.669672  6.547061 -0.003981  0.768944  0.617605  1.179404  0.00000000E+00
  318 33.264431 10.568245 14.659667  6.545056 -0.011987  0.768944  0.617601  1.179399  0.00000000E+00
  319 33.264905 10.569659 14.649663  6.543046 -0.019988  0.768944  0.617597  1.179393  0.00000000E+00
  320 33.265374 10.571071 14.639659  6.541032 -0.027983  0.768943  0.617593  1.179387  0.00000000E+00
  321 33.265837 10.572479 14.629655  6.539012 -0.035974  0.768943  0.617589  1.179382  0.00000000E+00
  322 33.266294 10.573883 14.619651  6.536987 -0.043959  0.768942  0.617585  1.179376  0.00000000E+00
  323 33.266746 10.575284 14.609647  6.534956 -0.051939  0.768942  0.617581  1.179371  0.00000000E+00
  324 33.267192 10.576682 14.599643  6.532920 -0.059913  0.768942  0.617577  1.179365  0.00000000E+00
  325 33.267633 10.578076 14.589639  6.530877 -0.067881  0.768941  0.617573  1.179360  0.00000000E+00
  326 33.268069 10.579466 14.579635  6.528829 -0.075843  0.768941  0.617569  1.179355  0.00000000E+00
  327 33.268499 10.580853 14.569631  6.526774 -0.083798  0.768941  0.617565  1.179350  0.00000000E+00
  328 33.268924 10.582237 14.559627  6.524713 -0.091747  0.768940  0.617561  1.179344  0.00000000E+00
  329 33.269344 10.583617 14.549623  6.522645 -0.099688  0.768940  0.617558  1.179339  0.00000000E+00
  330 33.269758 10.584994 14.539619  6.520570 -0.107623  0.768940  0.617554  1.179334  0.00000000E+00
  331 33.270168 10.586367 14.529615  6.518488 -0.115550  0.768939  0.617550  1.179329  0.00000000E+00
  332 33.270573 10.587736 14.519611  6.516398 -0.123470  0.768939  0.617547  1.179325  0.00000000E+00
  333 33.270972 10.589102 14.509606  6.514300 -0.131381  0.768939  0.617543  1.179320  0.00000000E+00
  334 33.271367 10.590465 14.499602  6.512194 -0.139285  0.768938  0.617540  1.179315  0.00000000E+00
  335 33.271757 10.591824 14.489598  6.510080 -0.147179  0.768938  0.617537  1.179311  0.00000000E+00
  336 33.272142 10.593179 14.479594  6.507957 -0.155065  0.768938  0.617534  1.179307  0.00000000E+00
  337 33.272523 10.594531 14.469590  6.505824 -0.162941  0.768937  0.617531  1.179303  0.00000000E+00
  338 33.272898 10.595879 14.459586  6.503683 -0.170808  0.768937  0.617528  1.179299  0.00000000E+00
  339 33.273270 10.597223 14.449582  6.501531 -0.178665  0.768937  0.617525  1.179295  0.00000000E+00
  340 33.273636 10.598564 14.439578  6.499369 -0.186511  0.768937  0.617523  1.179292  0.00000000E+00
  341 33.273998 10.599901 14.429574  6.497197 -0.194347  0.768936  0.617520  1.179289  0.00000000E+00
  342 33.274356 10.601235 14.419570  6.495013 -0.202171  0.768936  0.617518  1.179286  0.00000000E+00
  343 33.274709 10.602565 14.409566  6.492818 -0.209983  0.768936  0.617516  1.179283  0.00000000E+00
  344 33.275058 10.603891 14.399562  6.490611 -0.217783  0.768935  0.617514  1.179281  0.00000000E+00
  345 33.275403 10.605213 14.389558  6.488392 -0.225570  0.768935  0.617512  1.179279  0.00000000E+00
  346 33.275743 10.606531 14.379554  6.486159 -0.233344  0.768935  0.617511  1.179277  0.00000000E+00
  347 33.276079 10.607846 14.369550  6.483913 -0.241103  0.768934  0.617510  1.179275  0.00000000E+00
  348 33.276411 10.609157 14.359546  6.481653 -0.248849  0.768934  0.617509  1.179274  0.00000000E+00
  349 33.276739 10.610464 14.349542  6.479378 -0.256579  0.768934  0.617508  1.179274  0.00000000E+00
  350 33.277063 10.611767 14.339538  6.477088 -0.264293  0.768934  0.617508  1.179274  0.00000000E+00
  351 33.277382 10.613066 14.329534  6.474782 -0.271991  0.768933  0.617508  1.179275  0.00000000E+00
  352 33.277698 10.614361 14.319530  6.472459 -0.279671  0.768933  0.617509  1.179276  0.00000000E+00
  353 33.278010 10.615652 14.309526  6.470118 -0.287334  0.768933  0.617510  1.179278  0.00000000E+00
  354 33.278318 10.616939 14.299522  6.467760 -0.294977  0.768933  0.617512  1.179281  0.00000000E+00
  355 33.278622 10.618222 14.289518  6.465382 -0.302601  0.768932  0.617514  1.179285  0.00000000E+00
  356 33.278922 10.619501 14.279514  6.462984 -0.310203  0.768932  0.617517  1.179290  0.00000000E+00
  357 33.279218 10.620775 14.269510  6.460565 -0.317784  0.768932  0.617521  1.179295  0.00000000E+00
  358 33.279511 10.622046 14.259506  6.458124 -0.325342  0.768932  0.617526  1.179302  0.00000000E+00
  359 33.279800 10.623312 14.249502  6.455660 -0.332876  0.768931  0.617531  1.179310  0.00000000E+00
  360 33.280085 10.624573 14.239498  6.453171 -0.340385  0.768931  0.617537  1.179319  0.00000000E+00
  361 33.280367 10.625830 14.229494  6.450657 -0.347867  0.768931  0.617544  1.179330  0.00000000E+00
  362 33.280645 10.627083 14.219490  6.448116 -0.355321  0.768931  0.617552  1.179341  0.00000000E+00
  363 33.280920 10.628331 14.209486  6.445547 -0.362745  0.768930  0.617560  1.179353  0.00000000E+00
  364 33.281191 10.629574 14.199482  6.442947 -0.370139  0.768930  0.617569  1.179366  0.00000000E+00
  365 33.281458 10.630813 14.189478  6.440316 -0.377501  0.768930  0.617577  1.179378  0.00000000E+00
  366 33.281723 10.632046 14.179474  6.437651 -0.384829  0.768930  0.617585  1.179390  0.00000000E+00
  367 33.281984 10.633275 14.169470  6.434951 -0.392122  0.768929  0.617592  1.179400  0.00000000E+00
  368 33.282241 10.634499 14.159466  6.432213 -0.399378  0.768929  0.617597  1.179407  0.00000000E+00
  369 33.282495 10.635718 14.149462  6.429436 -0.406596  0.768929  0.617598  1.179409  0.00000000E+00
  370 33.282746 10.636932 14.139459  6.426615 -0.413773  0.768929  0.617595  1.179405  0.00000000E+00
  371 33.282994 10.638140 14.129455  6.423750 -0.420909  0.768929  0.617586  1.179392  0.00000000E+00
  372 33.283238 10.639343 14.119451  6.420836 -0.428002  0.768928  0.617569  1.179367  0.00000000E+00
  373 33.283479 10.640541 14.109447  6.417870 -0.435049  0.768928  0.617542  1.179327  0.00000000E+00
  374 33.283718 10.641733 14.099443  6.414850 -0.442050  0.768928  0.617502  1.179269  0.00000000E+00
  375 33.283953 10.642919 14.089439  6.411772 -0.449002  0.768928  0.617446  1.179189  0.00000000E+00
  376 33.284045 10.643387 14.085483  6.410537 -0.451738  0.768928  0.617420  1.179151  0.00000000E+00
  377 33.284274 10.644560 14.075525  6.407386 -0.458586  0.768927  0.617341  1.179036  0.00000000E+00
  378 33.284501 10.645727 14.065568  6.404167 -0.465380  0.768927  0.617240  1.178892  0.00000000E+00
  379 33.284724 10.646887 14.055611  6.400876 -0.472117  0.768927  0.617118  1.178717  0.00000000E+00
  380 33.284945 10.648042 14.045654  6.397509 -0.478794  0.768927  0.616972  1.178508  0.00000000E+00
  381 33.285163 10.649190 14.035697  6.394062 -0.485405  0.768927  0.616802  1.178265  0.00000000E+00
  382 33.285378 10.650332 14.025740  6.390529 -0.491947  0.768926  0.616607  1.177986  0.00000000E+00
  383 33.285590 10.651467 14.015783  6.386903 -0.498414  0.768926  0.616385  1.177668  0.00000000E+00
  384 33.285799 10.652596 14.005827  6.383177 -0.504801  0.768926  0.616132  1.177308  0.00000000E+00
  385 33.286005 10.653717 13.995870  6.379342 -0.511104  0.768926  0.615843  1.176894  0.00000000E+00
  386 33.286209 10.654832 13.985913  6.375421 -0.517337  0.768925  0.615527  1.176442  0.10080117E+04
  387 33.286411 10.655943 13.975909  6.371450 -0.523341  0.768925  0.615528  1.176444  0.15027293E+04
  388 33.286610 10.657047 13.965906  6.367478 -0.529344  0.768925  0.615528  1.176447  0.17883537E+04
  389 33.286806 10.658144 13.955902  6.363507 -0.535348  0.768925  0.615529  1.176449  0.20003417E+04
  390 33.286999 10.659232 13.945899  6.359536 -0.541351  0.768925  0.615530  1.176452  0.21721536E+04
  391 33.287190 10.660313 13.935895  6.355565 -0.547354  0.768925  0.615530  1.176454  0.23180098E+04
  392 33.287378 10.661386 13.925892  6.351594 -0.553358  0.768924  0.615531  1.176457  0.24454565E+04
  393 33.287564 10.662451 13.915888  6.347622 -0.559360  0.768924  0.615532  1.176459  0.25590421E+04
  394 33.287747 10.663508 13.905885  6.343651 -0.565363  0.768924  0.615532  1.176462  0.26617483E+04
  395 33.287927 10.664558 13.895882  6.339680 -0.571366  0.768924  0.615533  1.176464  0.27556496E+04
  396 33.288105 10.665601 13.885878  6.335709 -0.577369  0.768924  0.615534  1.176467  0.28422555E+04
  397 33.288281 10.666636 13.875875  6.331738 -0.583371  0.768923  0.615535  1.176470  0.29227035E+04
  398 33.288454 10.667663 13.865872  6.327767 -0.589373  0.768923  0.615535  1.176473  0.29978751E+04
  399 33.288624 10.668683 13.855869  6.323796 -0.595376  0.768923  0.615536  1.176476  0.30684692E+04
  400 33.288792 10.669696 13.845865  6.319825 -0.601378  0.768923  0.615537  1.176479  0.31350506E+04
  401 33.288957 10.670701 13.835862  6.315855 -0.607380  0.768923  0.615538  1.176482  0.31980835E+04
  402 33.289121 10.671699 13.825859  6.311884 -0.613382  0.768923  0.615539  1.176485  0.32579544E+04
  403 33.289281 10.672690 13.815856  6.307913 -0.619384  0.768923  0.615540  1.176489  0.33149894E+04
  404 33.289440 10.673673 13.805853  6.303943 -0.625385  0.768922  0.615541  1.176492  0.33694664E+04
  405 33.289596 10.674650 13.795850  6.299972 -0.631387  0.768922  0.615542  1.176495  0.34216180E+04
  406 33.289750 10.675619 13.785847  6.296001 -0.637388  0.768922  0.615543  1.176499  0.34707677E+04
  407 33.289901 10.676581 13.775844  6.292031 -0.643390  0.768922  0.615543  1.176502  0.35180733E+04
  408 33.290050 10.677536 13.765841  6.288061 -0.649391  0.768922  0.615544  1.176506  0.35636926E+04
  409 33.290197 10.678484 13.755838  6.284090 -0.655392  0.768922  0.615546  1.176510  0.36077654E+04
  410 33.290342 10.679425 13.745835  6.280120 -0.661393  0.768922  0.615547  1.176514  0.36504160E+04
  411 33.290485 10.680359 13.735833  6.276150 -0.667394  0.768922  0.615548  1.176517  0.36916518E+04
  412 33.290626 10.681286 13.725830  6.272180 -0.673395  0.768921  0.615549  1.176521  0.37316447E+04
  413 33.290764 10.682207 13.715827  6.268210 -0.679395  0.768921  0.615550  1.176526  0.37705300E+04
  414 33.290901 10.683120 13.705824  6.264240 -0.685396  0.768921  0.615551  1.176530  0.38083881E+04
  415 33.291035 10.684027 13.695822  6.260270 -0.691397  0.768921  0.615552  1.176534  0.38452924E+04
  416 33.291167 10.684927 13.685819  6.256300 -0.697397  0.768921  0.615553  1.176538  0.38813094E+04
  417 33.291297 10.685821 13.675816  6.252331 -0.703397  0.768921  0.615555  1.176543  0.39164999E+04
  418 33.291426 10.686708 13.665814  6.248361 -0.709398  0.768921  0.615556  1.176547  0.39509196E+04
  419 33.291552 10.687588 13.655811  6.244392 -0.715398  0.768921  0.615557  1.176552  0.39846197E+04
  420 33.291676 10.688461 13.645808  6.240422 -0.721398  0.768921  0.615558  1.176557  0.40176472E+04
  421 33.291799 10.689329 13.635806  6.236453 -0.727398  0.768921  0.615560  1.176561  0.40500453E+04
  422 33.291919 10.690189 13.625803  6.232484 -0.733397  0.768920  0.615561  1.176566  0.40818542E+04
  423 33.292038 10.691043 13.615801  6.228515 -0.739397  0.768920  0.615562  1.176571  0.41131109E+04
  424 33.292155 10.691891 13.605798  6.224546 -0.745397  0.768920  0.615564  1.176577  0.41438498E+04
  425 33.292269 10.692732 13.595796  6.220577 -0.751396  0.768920  0.615565  1.176582  0.41741029E+04
  426 33.292383 10.693567 13.585793  6.216609 -0.757396  0.768920  0.615567  1.176587  0.42038999E+04
  427 33.292494 10.694396 13.575791  6.212640 -0.763395  0.768920  0.615568  1.176593  0.42332685E+04
  428 33.292604 10.695219 13.565788  6.208672 -0.769394  0.768920  0.615570  1.176598  0.42622346E+04
  429 33.292711 10.696035 13.555786  6.204703 -0.775393  0.768920  0.615571  1.176604  0.42908224E+04
  430 33.292818 10.696845 13.545784  6.200735 -0.781392  0.768920  0.615573  1.176610  0.43190545E+04
  431 33.292922 10.697649 13.535781  6.196767 -0.787391  0.768920  0.615575  1.176616  0.43469393E+04
  432 33.293025 10.698447 13.525779  6.192799 -0.793390  0.768920  0.615576  1.176622  0.43745045E+04
  433 33.293126 10.699239 13.515777  6.188832 -0.799389  0.768920  0.615578  1.176628  0.44017717E+04
  434 33.293225 10.700025 13.505775  6.184864 -0.805388  0.768920  0.615580  1.176635  0.44287591E+04
  435 33.293323 10.700804 13.495772  6.180896 -0.811386  0.768919  0.615582  1.176641  0.44554837E+04
  436 33.293420 10.701578 13.485770  6.176929 -0.817385  0.768919  0.615583  1.176648  0.44819615E+04
  437 33.293514 10.702346 13.475768  6.172962 -0.823383  0.768919  0.615585  1.176655  0.45082080E+04
  438 33.293608 10.703108 13.465766  6.168995 -0.829382  0.768919  0.615587  1.176662  0.45342375E+04
  439 33.293699 10.703864 13.455764  6.165028 -0.835380  0.768919  0.615589  1.176669  0.45600636E+04
  440 33.293790 10.704615 13.445762  6.161061 -0.841378  0.768919  0.615591  1.176676  0.45856994E+04
  441 33.293878 10.705360 13.435759  6.157095 -0.847376  0.768919  0.615593  1.176683  0.46111572E+04
  442 33.293965 10.706099 13.425757  6.153128 -0.853374  0.768919  0.615595  1.176691  0.46364487E+04
  443 33.294051 10.706832 13.415755  6.149162 -0.859372  0.768919  0.615597  1.176699  0.46615849E+04
  444 33.294136 10.707559 13.405753  6.145196 -0.865370  0.768919  0.615599  1.176706  0.46865764E+04
  445 33.294219 10.708281 13.395751  6.141230 -0.871367  0.768919  0.615602  1.176714  0.47114333E+04
  446 33.294300 10.708998 13.385749  6.137264 -0.877365  0.768919  0.615604  1.176723  0.47361652E+04
  447 33.294380 10.709709 13.375747  6.133298 -0.883363  0.768919  0.615606  1.176731  0.47607813E+04
  448 33.294459 10.710414 13.365745  6.129333 -0.889360  0.768919  0.615608  1.176740  0.47852901E+04
  449 33.294537 10.711114 13.355743  6.125368 -0.895358  0.768919  0.615611  1.176748  0.48097000E+04
  450 33.294613 10.711808 13.345741  6.121403 -0.901355  0.768919  0.615613  1.176757  0.48340191E+04
  451 33.294688 10.712498 13.335739  6.117438 -0.907352  0.768919  0.615616  1.176766  0.48582547E+04
  452 33.294762 10.713181 13.325738  6.113473 -0.913349  0.768919  0.615618  1.176775  0.48824143E+04
  453 33.294834 10.713860 13.315736  6.109509 -0.919346  0.768919  0.615621  1.176785  0.49065046E+04
  454 33.294906 10.714533 13.305734  6.105545 -0.925343  0.768918  0.615623  1.176794  0.49305325E+04
  455 33.294976 10.715201 13.295732  6.101580 -0.931340  0.768918  0.615626  1.176804  0.49545041E+04
  456 33.295044 10.715863 13.285730  6.097617 -0.937337  0.768918  0.615629  1.176814  0.49784212E+04
  457 33.295112 10.716521 13.275728  6.093653 -0.943334  0.768918  0.615632  1.176824  0.50022891E+04
  458 33.295179 10.717173 13.265727  6.089689 -0.949330  0.768918  0.615634  1.176835  0.50261160E+04
  459 33.295244 10.717820 13.255725  6.085726 -0.955327  0.768918  0.615637  1.176846  0.50499077E+04
  460 33.295308 10.718462 13.245723  6.081763 -0.961324  0.768918  0.615640  1.176856  0.50736697E+04
  461 33.295371 10.719099 13.235721  6.077800 -0.967320  0.768918  0.615643  1.176867  0.50974075E+04
  462 33.295433 10.719731 13.225720  6.073838 -0.973316  0.768918  0.615646  1.176879  0.51211262E+04
  463 33.295494 10.720358 13.215718  6.069875 -0.979313  0.768918  0.615650  1.176890  0.51448308E+04
  464 33.295554 10.720980 13.205716  6.065913 -0.985309  0.768918  0.615653  1.176902  0.51685261E+04
  465 33.295613 10.721597 13.195715  6.061951 -0.991305  0.768918  0.615656  1.176914  0.51922170E+04
  466 33.295671 10.722210 13.185713  6.057990 -0.997301  0.768918  0.615659  1.176926  0.52159078E+04
  467 33.295727 10.722817 13.175711  6.054028 -1.003297  0.768918  0.615663  1.176939  0.52396029E+04
  468 33.295783 10.723420 13.165710  6.050067 -1.009293  0.768918  0.615666  1.176951  0.52633067E+04
  469 33.295838 10.724017 13.155708  6.046106 -1.015289  0.768918  0.615670  1.176964  0.52870232E+04
  470 33.295892 10.724610 13.145706  6.042145 -1.021284  0.768918  0.615674  1.176978  0.53107563E+04
  471 33.295945 10.725199 13.135705  6.038185 -1.027280  0.768918  0.615677  1.176991  0.53345099E+04
  472 33.295997 10.725782 13.125703  6.034225 -1.033276  0.768918  0.615681  1.177005  0.53582876E+04
  473 33.296048 10.726361 13.115702  6.030265 -1.039271  0.768918  0.615685  1.177019  0.53820932E+04
  474 33.296098 10.726936 13.105700  6.026305 -1.045267  0.768918  0.615689  1.177033  0.54059299E+04
  475 33.296147 10.727506 13.095699  6.022345 -1.051262  0.768918  0.615693  1.177048  0.54298012E+04
  476 33.296195 10.728071 13.085697  6.018386 -1.057257  0.768918  0.615697  1.177063  0.54537102E+04
  477 33.296243 10.728631 13.075696  6.014427 -1.063253  0.768918  0.615701  1.177078  0.54776601E+04
  478 33.296289 10.729188 13.065694  6.010469 -1.069248  0.768918  0.615705  1.177093  0.55016539E+04
  479 33.296335 10.729739 13.055693  6.006510 -1.075243  0.768918  0.615710  1.177109  0.55256945E+04
  480 33.296380 10.730287 13.045691  6.002552 -1.081238  0.768918  0.615714  1.177125  0.55497846E+04
  481 33.296424 10.730829 13.035690  5.998600 -1.086760  0.768918  0.616591  1.180336  0.55673488E+04
  482 33.296468 10.731367 13.025689  5.994653 -1.092761  0.768918  0.616601  1.180371  0.55915917E+04
  483 33.296510 10.731901 13.015687  5.990706 -1.098762  0.768918  0.616611  1.180407  0.56158916E+04
  484 33.296552 10.732430 13.005686  5.986759 -1.104763  0.768918  0.616621  1.180443  0.56402501E+04
  485 33.296593 10.732955 12.995684  5.982812 -1.110764  0.768918  0.616630  1.180479  0.56646688E+04
  486 33.296633 10.733476 12.985683  5.978866 -1.116764  0.768918  0.616640  1.180515  0.56891492E+04
  487 33.296673 10.733993 12.975682  5.974920 -1.122764  0.768918  0.616650  1.180551  0.57136929E+04
  488 33.296712 10.734505 12.965680  5.970974 -1.128765  0.768918  0.616660  1.180588  0.57383014E+04
  489 33.296750 10.735014 12.955679  5.967028 -1.134765  0.768918  0.616670  1.180624  0.57629761E+04
  490 33.296787 10.735518 12.945678  5.963082 -1.140765  0.768918  0.616680  1.180661  0.57877187E+04
  491 33.296824 10.736018 12.935676  5.959137 -1.146764  0.768918  0.616690  1.180698  0.58125305E+04
  492 33.296860 10.736514 12.925675  5.955192 -1.152764  0.768918  0.616701  1.180736  0.58374131E+04
  493 33.296896 10.737006 12.915674  5.951247 -1.158764  0.768918  0.616711  1.180773  0.58623680E+04
  494 33.296930 10.737494 12.905673  5.947302 -1.164763  0.768918  0.616721  1.180811  0.58874100E+04
  495 33.296964 10.737978 12.895671  5.943358 -1.170762  0.768917  0.616732  1.180850  0.59125319E+04
  496 33.296998 10.738458 12.885670  5.939414 -1.176762  0.768917  0.616742  1.180888  0.59377338E+04
  497 33.297031 10.738934 12.875669  5.935470 -1.182761  0.768917  0.616753  1.180927  0.59630120E+04
  498 33.297063 10.739406 12.865668  5.931527 -1.188760  0.768917  0.616764  1.180967  0.59883668E+04
  499 33.297094 10.739875 12.855666  5.927584 -1.194759  0.768917  0.616775  1.181007  0.60137994E+04
  500 33.297125 10.740339 12.845665  5.923641 -1.200758  0.768917  0.616786  1.181047  0.60393110E+04
  501 33.297156 10.740800 12.835664  5.919698 -1.206757  0.768917  0.616797  1.181088  0.60649031E+04
  502 33.297186 10.741257 12.825663  5.915756 -1.212756  0.768917  0.616808  1.181129  0.60905770E+04
  503 33.297215 10.741710 12.815662  5.911815 -1.218755  0.768917  0.616819  1.181171  0.61163343E+04
  504 33.297244 10.742160 12.805661  5.907873 -1.224753  0.768917  0.616831  1.181213  0.61421764E+04
  505 33.297272 10.742606 12.795659  5.903932 -1.230752  0.768917  0.616843  1.181256  0.61681049E+04
  506 33.297300 10.743048 12.785658  5.899992 -1.236751  0.768917  0.616854  1.181300  0.61941214E+04
  507 33.297327 10.743486 12.775657  5.896052 -1.242749  0.768917  0.616866  1.181343  0.62202294E+04
  508 33.297354 10.743921 12.765656  5.892112 -1.248748  0.768917  0.616879  1.181388  0.62464285E+04
  509 33.297380 10.744353 12.755655  5.888173 -1.254746  0.768917  0.616891  1.181433  0.62727202E+04
  510 33.297405 10.744780 12.745654  5.884234 -1.260745  0.768917  0.616903  1.181478  0.62991059E+04
  511 33.297430 10.745205 12.735653  5.880295 -1.266743  0.768917  0.616916  1.181524  0.63255871E+04
  512 33.297455 10.745625 12.725652  5.876357 -1.272742  0.768917  0.616929  1.181571  0.63521650E+04
  513 33.297479 10.746043 12.715651  5.872420 -1.278740  0.768917  0.616941  1.181618  0.63788411E+04
  514 33.297503 10.746456 12.705650  5.868482 -1.284739  0.768917  0.616954  1.181666  0.64056166E+04
  515 33.297526 10.746867 12.695649  5.864545 -1.290737  0.768917  0.616968  1.181715  0.64324927E+04
  516 33.297549 10.747274 12.685648  5.860609 -1.296735  0.768917  0.616981  1.181764  0.64594707E+04
  517 33.297572 10.747677 12.675647  5.856673 -1.302733  0.768917  0.616995  1.181813  0.64865517E+04
  518 33.297594 10.748077 12.665646  5.852737 -1.308731  0.768917  0.617008  1.181863  0.65137367E+04
  519 33.297615 10.748474 12.655645  5.848802 -1.314730  0.768917  0.617022  1.181914  0.65410258E+04
  520 33.297636 10.748868 12.645644  5.844867 -1.320728  0.768917  0.617036  1.181965  0.65684190E+04
  521 33.297657 10.749258 12.635643  5.840933 -1.326726  0.768917  0.617050  1.182017  0.65959192E+04
  522 33.297677 10.749645 12.625642  5.836999 -1.332723  0.768917  0.617065  1.182070  0.66235275E+04
  523 33.297697 10.750029 12.615641  5.833065 -1.338721  0.768917  0.617079  1.182123  0.66512448E+04
  524 33.297717 10.750410 12.605640  5.829132 -1.344719  0.768917  0.617094  1.182177  0.66790718E+04
  525 33.297736 10.750787 12.595639  5.825200 -1.350717  0.768917  0.617109  1.182231  0.67070093E+04
  526 33.297755 10.751161 12.585638  5.821267 -1.356714  0.768917  0.617124  1.182287  0.67350582E+04
  527 33.297773 10.751533 12.575637  5.817336 -1.362712  0.768917  0.617139  1.182342  0.67632190E+04
  528 33.297791 10.751901 12.565636  5.813404 -1.368710  0.768917  0.617154  1.182399  0.67914925E+04
  529 33.297809 10.752266 12.555635  5.809473 -1.374707  0.768917  0.617170  1.182456  0.68198794E+04
  530 33.297826 10.752628 12.545634  5.805543 -1.380704  0.768917  0.617186  1.182514  0.68483803E+04
  531 33.297843 10.752986 12.535633  5.801613 -1.386702  0.768917  0.617202  1.182573  0.68769959E+04
  532 33.297860 10.753342 12.525633  5.797683 -1.392699  0.768917  0.617218  1.182632  0.69057250E+04
  533 33.297876 10.753695 12.515632  5.793754 -1.398696  0.768917  0.617234  1.182693  0.69345690E+04
  534 33.297892 10.754045 12.505631  5.789826 -1.404693  0.768917  0.617251  1.182754  0.69635300E+04
  535 33.297908 10.754392 12.495630  5.785898 -1.410691  0.768917  0.617268  1.182816  0.69926086E+04
  536 33.297924 10.754736 12.485629  5.781970 -1.416688  0.768917  0.617285  1.182879  0.70218056E+04
  537 33.297939 10.755077 12.475628  5.778044 -1.422685  0.768917  0.617303  1.182943  0.70511217E+04
  538 33.297953 10.755415 12.465627  5.774117 -1.428682  0.768917  0.617320  1.183008  0.70805577E+04
  539 33.297968 10.755751 12.455627  5.770191 -1.434679  0.768917  0.617338  1.183074  0.71101143E+04
  540 33.297982 10.756083 12.445626  5.766266 -1.440676  0.768917  0.617356  1.183140  0.71397922E+04
  541 33.297996 10.756413 12.435625  5.762341 -1.446673  0.768917  0.617375  1.183208  0.71695924E+04
  542 33.298010 10.756740 12.425624  5.758417 -1.452670  0.768917  0.617394  1.183277  0.71995155E+04
  543 33.298023 10.757064 12.415623  5.754494 -1.458667  0.768917  0.617413  1.183347  0.72295625E+04
  544 33.298036 10.757386 12.405623  5.750571 -1.464664  0.768917  0.617432  1.183419  0.72597343E+04
  545 33.298049 10.757704 12.395622  5.746649 -1.470661  0.768917  0.617452  1.183491  0.72900312E+04
  546 33.298062 10.758020 12.385621  5.742728 -1.476658  0.768917  0.617472  1.183565  0.73204548E+04
  547 33.298074 10.758334 12.375620  5.738807 -1.482655  0.768917  0.617492  1.183640  0.73510062E+04
  548 33.298086 10.758644 12.365620  5.734887 -1.488652  0.768917  0.617513  1.183716  0.73816866E+04
  549 33.298098 10.758952 12.355619  5.730967 -1.494650  0.768917  0.617534  1.183793  0.74124970E+04
  550 33.298110 10.759258 12.345618  5.727049 -1.500647  0.768917  0.617556  1.183872  0.74434388E+04
  551 33.298121 10.759561 12.335617  5.723131 -1.506644  0.768917  0.617578  1.183953  0.74745131E+04
  552 33.298132 10.759861 12.325617  5.719214 -1.512642  0.768917  0.617600  1.184034  0.75057213E+04
  553 33.298143 10.760158 12.315616  5.715297 -1.518639  0.768917  0.617623  1.184118  0.75370648E+04
  554 33.298154 10.760454 12.305615  5.711382 -1.524637  0.768917  0.617646  1.184202  0.75685449E+04
  555 33.298165 10.760746 12.295614  5.707467 -1.530634  0.768917  0.617669  1.184288  0.76001630E+04
  556 33.298175 10.761036 12.285614  5.703553 -1.536632  0.768917  0.617693  1.184376  0.76319204E+04
  557 33.298185 10.761324 12.275613  5.699640 -1.542630  0.768917  0.617717  1.184465  0.76638184E+04
  558 33.298195 10.761609 12.265612  5.695727 -1.548628  0.768917  0.617742  1.184556  0.76958568E+04
  559 33.298205 10.761892 12.255612  5.691816 -1.554626  0.768917  0.617767  1.184649  0.77280388E+04
  560 33.298214 10.762172 12.245611  5.687905 -1.560624  0.768917  0.617793  1.184743  0.77603657E+04
  561 33.298223 10.762450 12.235610  5.683995 -1.566622  0.768917  0.617819  1.184838  0.77928386E+04
  562 33.298232 10.762726 12.225610  5.680086 -1.572620  0.768917  0.617845  1.184935  0.78254587E+04
  563 33.298241 10.762999 12.215609  5.676178 -1.578619  0.768917  0.617872  1.185034  0.78582269E+04
  564 33.298250 10.763270 12.205608  5.672270 -1.584617  0.768917  0.617899  1.185135  0.78911443E+04
  565 33.298259 10.763538 12.195608  5.668364 -1.590616  0.768917  0.617927  1.185237  0.79242114E+04
  566 33.298267 10.763805 12.185607  5.664458 -1.596614  0.768917  0.617956  1.185341  0.79574289E+04
  567 33.298275 10.764068 12.175606  5.660553 -1.602613  0.768917  0.617984  1.185447  0.79907974E+04
  568 33.298283 10.764330 12.165606  5.656649 -1.608612  0.768917  0.618014  1.185555  0.80243172E+04
  569 33.298291 10.764590 12.155605  5.652746 -1.614611  0.768917  0.618043  1.185664  0.80579886E+04
  570 33.298299 10.764847 12.145605  5.648844 -1.620610  0.768917  0.618074  1.185775  0.80918125E+04
  571 33.298306 10.765102 12.135604  5.644943 -1.626609  0.768917  0.618104  1.185888  0.81257896E+04
  572 33.298314 10.765354 12.125603  5.641042 -1.632608  0.768917  0.618135  1.186003  0.81599184E+04
  573 33.298321 10.765605 12.115603  5.637143 -1.638608  0.768917  0.618167  1.186120  0.81941987E+04
  574 33.298328 10.765854 12.105602  5.633244 -1.644607  0.768917  0.618200  1.186239  0.82286304E+04
  575 33.298335 10.766100 12.095602  5.629347 -1.650607  0.768917  0.618232  1.186359  0.82632133E+04
  576 33.298342 10.766344 12.085601  5.625450 -1.656606  0.768917  0.618266  1.186482  0.82979474E+04
  577 33.298349 10.766586 12.075600  5.621554 -1.662606  0.768917  0.618300  1.186607  0.83328324E+04
  578 33.298355 10.766826 12.065600  5.617660 -1.668606  0.768917  0.618334  1.186734  0.83678683E+04
  579 33.298362 10.767064 12.055599  5.613766 -1.674606  0.768917  0.618369  1.186863  0.84030550E+04
  580 33.298368 10.767300 12.045599  5.609874 -1.680606  0.768917  0.618405  1.186995  0.84383923E+04
  581 33.298374 10.767534 12.035598  5.605982 -1.686607  0.768917  0.618441  1.187128  0.84738803E+04
  582 33.298380 10.767765 12.025598  5.602092 -1.692607  0.768917  0.618478  1.187264  0.85095194E+04
  583 33.298386 10.767995 12.015597  5.598202 -1.698608  0.768917  0.618516  1.187403  0.85453110E+04
  584 33.298392 10.768223 12.005597  5.594314 -1.704609  0.768917  0.618554  1.187543  0.85812535E+04
  585 33.298397 10.768449 11.995596  5.590427 -1.710610  0.768917  0.618593  1.187687  0.86173469E+04
  586 33.298403 10.768673 11.985595  5.586541 -1.716612  0.768917  0.618633  1.187833  0.86535914E+04
  587 33.298408 10.768895 11.975595  5.582656 -1.722613  0.768917  0.618673  1.187981  0.86899871E+04
  588 33.298414 10.769115 11.965594  5.578773 -1.728615  0.768917  0.618714  1.188133  0.87265344E+04
  589 33.298419 10.769333 11.955594  5.574890 -1.734617  0.768917  0.618756  1.188287  0.87632334E+04
  590 33.298424 10.769549 11.945593  5.571010 -1.740620  0.768917  0.618798  1.188444  0.88000845E+04
  591 33.298429 10.769763 11.935593  5.567130 -1.746622  0.768917  0.618842  1.188603  0.88370878E+04
  592 33.298434 10.769976 11.925592  5.563252 -1.752625  0.768917  0.618886  1.188766  0.88742439E+04
  593 33.298438 10.770186 11.915592  5.559375 -1.758629  0.768917  0.618931  1.188932  0.89115529E+04
  594 33.298443 10.770395 11.905591  5.555499 -1.764632  0.768917  0.618977  1.189101  0.89490152E+04
  595 33.298448 10.770602 11.895591  5.551625 -1.770636  0.768917  0.619023  1.189273  0.89866311E+04
  596 33.298452 10.770807 11.885590  5.547752 -1.776641  0.768917  0.619071  1.189449  0.90244008E+04
  597 33.298457 10.771010 11.875590  5.543881 -1.782646  0.768917  0.619119  1.189628  0.90623248E+04
  598 33.298461 10.771212 11.865589  5.540011 -1.788651  0.768917  0.619169  1.189810  0.91004033E+04
  599 33.298465 10.771412 11.855589  5.536143 -1.794656  0.768917  0.619219  1.189996  0.91386367E+04
  600 33.298469 10.771610 11.845589  5.532276 -1.800662  0.768917  0.619271  1.190186  0.91770252E+04
  601 33.298473 10.771806 11.835588  5.528411 -1.806669  0.768917  0.619323  1.190379  0.92155692E+04
  602 33.298477 10.772001 11.825588  5.524548 -1.812676  0.768917  0.619376  1.190576  0.92542690E+04
  603 33.298481 10.772194 11.815587  5.520686 -1.818684  0.768917  0.619431  1.190777  0.92931248E+04
  604 33.298485 10.772385 11.805587  5.516826 -1.824692  0.768917  0.619486  1.190981  0.93321371E+04
  605 33.298489 10.772575 11.795586  5.512968 -1.830700  0.768917  0.619543  1.191190  0.93713061E+04
  606 33.298492 10.772763 11.785586  5.509112 -1.836709  0.768917  0.619600  1.191403  0.94106320E+04
  607 33.298496 10.772949 11.775585  5.505257 -1.842719  0.768917  0.619659  1.191621  0.94501154E+04
  608 33.298499 10.773134 11.765585  5.501404 -1.848729  0.768917  0.619719  1.191842  0.94897565E+04
  609 33.298503 10.773317 11.755585  5.497553 -1.854740  0.768917  0.619780  1.192068  0.95295557E+04
  610 33.298506 10.773498 11.745584  5.493704 -1.860752  0.768917  0.619843  1.192299  0.95695134E+04
  611 33.298509 10.773678 11.735584  5.489857 -1.866764  0.768917  0.619906  1.192534  0.96096301E+04
  612 33.298512 10.773857 11.725583  5.486012 -1.872777  0.768917  0.619971  1.192774  0.96499061E+04
  613 33.298515 10.774033 11.715583  5.482169 -1.878791  0.768917  0.620037  1.193018  0.96903420E+04
  614 33.298519 10.774209 11.705582  5.478329 -1.884805  0.768917  0.620105  1.193268  0.97309384E+04
  615 33.298522 10.774382 11.695582  5.474490 -1.890820  0.768917  0.620173  1.193522  0.97716957E+04
  616 33.298524 10.774554 11.685582  5.470653 -1.896836  0.768917  0.620243  1.193782  0.98126147E+04
  617 33.298527 10.774725 11.675581  5.466819 -1.902853  0.768917  0.620315  1.194046  0.98536961E+04
  618 33.298530 10.774894 11.665581  5.462986 -1.908871  0.768917  0.620388  1.194316  0.98949404E+04
  619 33.298533 10.775062 11.655581  5.459156 -1.914889  0.768917  0.620462  1.194592  0.99363486E+04
  620 33.298536 10.775228 11.645580  5.455329 -1.920909  0.768917  0.620538  1.194873  0.99779215E+04
  621 33.298538 10.775393 11.635580  5.451503 -1.926929  0.768917  0.620615  1.195159  0.10019660E+05
  622 33.298541 10.775556 11.625579  5.447680 -1.932950  0.768917  0.620694  1.195452  0.10061565E+05
  623 33.298543 10.775718 11.615579  5.443860 -1.938972  0.768917  0.620775  1.195750  0.10103637E+05
  624 33.298546 10.775879 11.605579  5.440042 -1.944995  0.768917  0.620857  1.196053  0.10145878E+05
  625 33.298548 10.776038 11.595578  5.436226 -1.951019  0.768917  0.620940  1.196363  0.10188288E+05
  626 33.298550 10.776195 11.585578  5.432413 -1.957044  0.768917  0.621025  1.196679  0.10230869E+05
  627 33.298553 10.776352 11.575578  5.428602 -1.963070  0.768917  0.621112  1.197001  0.10273622E+05
  628 33.298555 10.776507 11.565577  5.424794 -1.969098  0.768917  0.621200  1.197329  0.10316547E+05
  629 33.298557 10.776660 11.555577  5.420989 -1.975126  0.768917  0.621291  1.197664  0.10359647E+05
  630 33.298559 10.776812 11.545576  5.417186 -1.981155  0.768917  0.621382  1.198005  0.10402921E+05
  631 33.298562 10.776963 11.535576  5.413386 -1.987186  0.768917  0.621476  1.198353  0.10446371E+05
  632 33.298564 10.777113 11.525576  5.409588 -1.993217  0.768917  0.621571  1.198707  0.10489997E+05
  633 33.298566 10.777261 11.515575  5.405794 -1.999250  0.768917  0.621668  1.199068  0.10533802E+05
  634 33.298568 10.777408 11.505575  5.402002 -2.005284  0.768917  0.621767  1.199436  0.10577784E+05
  635 33.298570 10.777554 11.495575  5.398213 -2.011319  0.768917  0.621868  1.199810  0.10621946E+05
  636 33.298571 10.777698 11.485574  5.394427 -2.017356  0.768917  0.621971  1.200192  0.10666288E+05
  637 33.298573 10.777841 11.475574  5.390643 -2.023393  0.768917  0.622075  1.200581  0.10710809E+05
  638 33.298575 10.777983 11.465574  5.386863 -2.029432  0.768917  0.622181  1.200977  0.10755510E+05
  639 33.298576 10.778031 11.462185  5.385582 -2.031479  0.768917  0.622218  1.201113  0.10770700E+05
