# DMESTAR Mass Track Snapshot
#
# Model Number:    200  Age (Myr):      0.269
#  Mass (Msun):  1.000 Fe/H (dex):   0.05
#
#---------
   16   75
    1 28.361093  9.579686 13.369561  6.243539 -1.000054  0.000163  0.618390  1.180600  0.18282718E+04
    2 28.411093  9.596353 13.369531  6.243527 -1.000072  0.000183  0.618390  1.180600  0.18519145E+04
    3 28.461093  9.613021 13.369498  6.243514 -1.000091  0.000205  0.618390  1.180600  0.18758528E+04
    4 28.511093  9.629689 13.369464  6.243500 -1.000112  0.000230  0.618390  1.180600  0.19000915E+04
    5 28.561093  9.646358 13.369426  6.243486 -1.000135  0.000258  0.618390  1.180600  0.19246354E+04
    6 28.611093  9.663027 13.369385  6.243469 -1.000159  0.000290  0.618390  1.180600  0.19494893E+04
    7 28.661093  9.679697 13.369342  6.243452 -1.000185  0.000325  0.618390  1.180600  0.19746579E+04
    8 28.711093  9.696368 13.369294  6.243433 -1.000214  0.000365  0.618390  1.180600  0.20001460E+04
    9 28.761093  9.713039 13.369243  6.243413 -1.000244  0.000410  0.618390  1.180600  0.20259584E+04
   10 28.811093  9.729711 13.369188  6.243391 -1.000278  0.000460  0.618390  1.180600  0.20520998E+04
   11 28.861093  9.746384 13.369128  6.243367 -1.000313  0.000516  0.618390  1.180600  0.20785750E+04
   12 28.911093  9.763057 13.369064  6.243342 -1.000352  0.000579  0.618390  1.180601  0.21053890E+04
   13 28.961093  9.779732 13.368994  6.243314 -1.000394  0.000649  0.618390  1.180601  0.21325465E+04
   14 29.011093  9.796406 13.368919  6.243284 -1.000439  0.000728  0.618390  1.180601  0.21600525E+04
   15 29.061093  9.813082 13.368838  6.243252 -1.000487  0.000817  0.618390  1.180601  0.21879120E+04
   16 29.111093  9.829759 13.368751  6.243217 -1.000540  0.000917  0.618390  1.180601  0.22161299E+04
   17 29.161093  9.846436 13.368656  6.243180 -1.000597  0.001029  0.618390  1.180601  0.22447114E+04
   18 29.211093  9.863114 13.368554  6.243139 -1.000658  0.001154  0.618390  1.180601  0.22736616E+04
   19 29.261093  9.879794 13.368444  6.243096 -1.000724  0.001295  0.618390  1.180601  0.23029857E+04
   20 29.311093  9.896474 13.368325  6.243048 -1.000796  0.001453  0.618390  1.180601  0.23326890E+04
   21 29.361093  9.913156 13.368196  6.242997 -1.000873  0.001630  0.618390  1.180601  0.23627767E+04
   22 29.411093  9.929839 13.368057  6.242942 -1.000956  0.001829  0.618390  1.180601  0.23932545E+04
   23 29.461093  9.946524 13.367907  6.242883 -1.001046  0.002052  0.618390  1.180601  0.24241277E+04
   24 29.511093  9.963209 13.367746  6.242818 -1.001143  0.002302  0.618390  1.180601  0.24554020E+04
   25 29.561093  9.979897 13.367571  6.242749 -1.001248  0.002583  0.618390  1.180601  0.24870832E+04
   26 29.611093  9.996586 13.367382  6.242674 -1.001362  0.002898  0.618390  1.180601  0.25191770E+04
   27 29.661093 10.013277 13.367178  6.242593 -1.001484  0.003251  0.618390  1.180601  0.25516893E+04
   28 29.711093 10.029970 13.366957  6.242506 -1.001617  0.003647  0.618390  1.180601  0.25846263E+04
   29 29.761093 10.046665 13.366719  6.242411 -1.001759  0.004092  0.618390  1.180601  0.26179941E+04
   30 29.811093 10.063362 13.366462  6.242309 -1.001914  0.004590  0.618390  1.180601  0.26517990E+04
   31 29.861093 10.080062 13.366185  6.242199 -1.002080  0.005150  0.618390  1.180601  0.26860474E+04
   32 29.911093 10.096765 13.365885  6.242080 -1.002260  0.005777  0.618390  1.180601  0.27207461E+04
   33 29.961093 10.113470 13.365561  6.241951 -1.002455  0.006481  0.618390  1.180602  0.27559016E+04
   34 30.011093 10.130179 13.365211  6.241812 -1.002665  0.007270  0.618390  1.180602  0.27915210E+04
   35 30.061093 10.146891 13.364833  6.241662 -1.002892  0.008156  0.618390  1.180602  0.28276114E+04
   36 30.111093 10.163606 13.364425  6.241500 -1.003137  0.009149  0.618390  1.180602  0.28641801E+04
   37 30.161093 10.180326 13.363983  6.241325 -1.003402  0.010263  0.618391  1.180602  0.29012345E+04
   38 30.211093 10.197050 13.363507  6.241136 -1.003688  0.011512  0.618391  1.180602  0.29387825E+04
   39 30.261093 10.213778 13.362992  6.240931 -1.003997  0.012913  0.618391  1.180602  0.29768319E+04
   40 30.311093 10.230511 13.362435  6.240711 -1.004331  0.014484  0.618391  1.180602  0.30153911E+04
   41 30.361093 10.247250 13.361834  6.240472 -1.004692  0.016246  0.618391  1.180603  0.30544684E+04
   42 30.411093 10.263995 13.361185  6.240214 -1.005082  0.018222  0.618391  1.180603  0.30940728E+04
   43 30.461093 10.280745 13.360483  6.239935 -1.005503  0.020438  0.618391  1.180603  0.31342132E+04
   44 30.511093 10.297503 13.359724  6.239634 -1.005959  0.022922  0.618391  1.180603  0.31748991E+04
   45 30.561093 10.314268 13.358904  6.239309 -1.006451  0.025708  0.618391  1.180603  0.32161404E+04
   46 30.611093 10.331041 13.358017  6.238957 -1.006983  0.028830  0.618391  1.180604  0.32579471E+04
   47 30.661093 10.347822 13.357059  6.238576 -1.007558  0.032331  0.618391  1.180604  0.33003300E+04
   48 30.711093 10.364613 13.356024  6.238165 -1.008180  0.036256  0.618391  1.180604  0.33433002E+04
   49 30.761093 10.381414 13.354904  6.237721 -1.008852  0.040655  0.618391  1.180605  0.33868691E+04
   50 30.811093 10.398225 13.353693  6.237240 -1.009579  0.045585  0.618391  1.180605  0.34310490E+04
   51 30.861093 10.415049 13.352383  6.236720 -1.010365  0.051111  0.618391  1.180605  0.34758525E+04
   52 30.911093 10.431885 13.350967  6.236158 -1.011215  0.057303  0.618392  1.180606  0.35212932E+04
   53 30.961093 10.448735 13.349435  6.235550 -1.012135  0.064242  0.618392  1.180606  0.35673850E+04
   54 31.011093 10.465600 13.347778  6.234892 -1.013129  0.072015  0.618392  1.180607  0.36141428E+04
   55 31.061093 10.482481 13.345985  6.234180 -1.014206  0.080724  0.618392  1.180607  0.36615823E+04
   56 31.111093 10.499379 13.344044  6.233410 -1.015371  0.090478  0.618392  1.180608  0.37097203E+04
   57 31.161093 10.516297 13.341943  6.232576 -1.016632  0.101402  0.618392  1.180608  0.37585744E+04
   58 31.211093 10.533235 13.339669  6.231673 -1.017997  0.113635  0.618392  1.180609  0.38081634E+04
   59 31.261093 10.550196 13.337207  6.230696 -1.019475  0.127330  0.618393  1.180610  0.38585074E+04
   60 31.311093 10.567181 13.334539  6.229637 -1.021076  0.142660  0.618393  1.180611  0.39096279E+04
   61 31.361093 10.584192 13.331650  6.228490 -1.022810  0.159818  0.618393  1.180611  0.39615479E+04
   62 31.411093 10.601232 13.328518  6.227246 -1.024690  0.179015  0.618393  1.180612  0.40142921E+04
   63 31.461093 10.618303 13.325123  6.225899 -1.026728  0.200491  0.618394  1.180613  0.40678873E+04
   64 31.511093 10.635408 13.321442  6.224438 -1.028937  0.224509  0.618394  1.180615  0.41223622E+04
   65 31.561093 10.652549 13.317449  6.222852 -1.031334  0.251363  0.618394  1.180616  0.41777480E+04
   66 31.611093 10.669731 13.313115  6.221132 -1.033935  0.281379  0.618395  1.180617  0.42340786E+04
   67 31.661093 10.686957 13.308410  6.219264 -1.036760  0.314918  0.618395  1.180619  0.42913911E+04
   68 31.711093 10.704230 13.303299  6.217235 -1.039827  0.352380  0.618396  1.180620  0.43497258E+04
   69 31.761093 10.721555 13.297744  6.215030 -1.043161  0.394209  0.618396  1.180622  0.44091271E+04
   70 31.811093 10.738936 13.291705  6.212632 -1.046786  0.440893  0.618397  1.180624  0.44696441E+04
   71 31.861093 10.756380 13.285133  6.210024 -1.050730  0.492971  0.618397  1.180626  0.45313307E+04
   72 31.911093 10.773891 13.277977  6.207183 -1.055025  0.551037  0.618398  1.180629  0.45942471E+04
   73 31.961093 10.791477 13.270180  6.204088 -1.059705  0.615743  0.618399  1.180631  0.46584604E+04
   74 32.011093 10.809145 13.261677  6.200712 -1.064808  0.687804  0.618399  1.180634  0.47240457E+04
   75 32.061093 10.826902 13.252395  6.197027 -1.070379  0.768001  0.618400  1.180637  0.47910952E+04
   76 32.110423 10.844518 13.242395  6.193057 -1.076380  0.855926  0.618401  1.180641  0.48587653E+04
   77 32.155744 10.860796 13.232395  6.189088 -1.082382  0.945165  0.618402  1.180645  0.49223363E+04
   78 32.197620 10.875922 13.222395  6.185118 -1.088383  1.035481  0.618403  1.180648  0.49823522E+04
   79 32.236501 10.890049 13.212395  6.181148 -1.094384  1.126659  0.618404  1.180652  0.50392536E+04
   80 32.272758 10.903297 13.202395  6.177178 -1.100385  1.218509  0.618405  1.180656  0.50934031E+04
   81 32.306694 10.915770 13.192395  6.173208 -1.106386  1.310860  0.618406  1.180660  0.51451030E+04
   82 32.338564 10.927552 13.182395  6.169239 -1.112387  1.403557  0.618408  1.180664  0.51946083E+04
   83 32.368584 10.938714 13.172395  6.165269 -1.118388  1.496459  0.618409  1.180668  0.52421362E+04
   84 32.396936 10.949318 13.162395  6.161299 -1.124389  1.589439  0.618410  1.180672  0.52878733E+04
   85 32.423777 10.959416 13.152395  6.157329 -1.130389  1.682384  0.618411  1.180676  0.53319813E+04
   86 32.449244 10.969054 13.142395  6.153360 -1.136390  1.775187  0.618412  1.180681  0.53746013E+04
   87 32.473456 10.978271 13.132395  6.149390 -1.142390  1.867755  0.618413  1.180685  0.54158573E+04
   88 32.496515 10.987101 13.122395  6.145420 -1.148390  1.959999  0.618415  1.180690  0.54558588E+04
   89 32.518515 10.995575 13.112395  6.141451 -1.154391  2.051843  0.618416  1.180694  0.54947033E+04
   90 32.539535 11.003720 13.102395  6.137481 -1.160391  2.143213  0.618417  1.180699  0.55324777E+04
   91 32.559648 11.011560 13.092395  6.133512 -1.166391  2.234044  0.618418  1.180704  0.55692599E+04
   92 32.578919 11.019117 13.082395  6.129542 -1.172391  2.324277  0.618420  1.180709  0.56051202E+04
   93 32.597405 11.026410 13.072395  6.125573 -1.178391  2.413858  0.618421  1.180714  0.56401222E+04
   94 32.615159 11.033456 13.062395  6.121603 -1.184390  2.502738  0.618423  1.180719  0.56743237E+04
   95 32.632227 11.040271 13.052395  6.117634 -1.190390  2.590872  0.618424  1.180724  0.57077772E+04
   96 32.648653 11.046870 13.042395  6.113665 -1.196390  2.678221  0.618425  1.180729  0.57405307E+04
   97 32.664475 11.053264 13.032395  6.109696 -1.202389  2.764747  0.618427  1.180734  0.57726284E+04
   98 32.679730 11.059467 13.022395  6.105727 -1.208389  2.850417  0.618428  1.180740  0.58041108E+04
   99 32.694448 11.065489 13.012395  6.101758 -1.214388  2.935204  0.618430  1.180745  0.58350152E+04
  100 32.708661 11.071339 13.002395  6.097789 -1.220387  3.019079  0.618431  1.180751  0.58653831E+04
  101 32.722396 11.077027 12.992395  6.093820 -1.226386  3.102019  0.618433  1.180757  0.58952441E+04
  102 32.735678 11.082562 12.982395  6.089851 -1.232386  3.184005  0.618435  1.180763  0.59246223E+04
  103 32.748529 11.087950 12.972395  6.085882 -1.238385  3.265016  0.618436  1.180769  0.59535447E+04
  104 32.760973 11.093200 12.962395  6.081913 -1.244383  3.345037  0.618438  1.180775  0.59820373E+04
  105 32.773029 11.098318 12.952395  6.077945 -1.250382  3.424055  0.618440  1.180781  0.60101247E+04
  106 32.784715 11.103310 12.942395  6.073976 -1.256381  3.502057  0.618441  1.180788  0.60378293E+04
  107 32.796048 11.108182 12.932395  6.070008 -1.262380  3.579032  0.618443  1.180794  0.60651722E+04
  108 32.807046 11.112939 12.922394  6.066039 -1.268378  3.654973  0.618445  1.180801  0.60921732E+04
  109 32.817723 11.117586 12.912394  6.062071 -1.274377  3.729873  0.618447  1.180807  0.61188510E+04
  110 32.828093 11.122129 12.902394  6.058103 -1.280375  3.803726  0.618449  1.180814  0.61452232E+04
  111 32.838169 11.126570 12.892394  6.054135 -1.286374  3.876528  0.618451  1.180821  0.61713064E+04
  112 32.847964 11.130915 12.882394  6.050167 -1.292372  3.948277  0.618453  1.180828  0.61971163E+04
  113 32.857489 11.135168 12.872394  6.046199 -1.298370  4.018972  0.618455  1.180836  0.62226678E+04
  114 32.866756 11.139331 12.862394  6.042232 -1.304368  4.088610  0.618457  1.180843  0.62479750E+04
  115 32.875774 11.143409 12.852394  6.038264 -1.310366  4.157195  0.618459  1.180851  0.62730512E+04
  116 32.884553 11.147405 12.842394  6.034296 -1.316364  4.224726  0.618461  1.180858  0.62979092E+04
  117 32.893103 11.151321 12.832394  6.030329 -1.322362  4.291207  0.618463  1.180866  0.63225610E+04
  118 32.901432 11.155160 12.822394  6.026362 -1.328360  4.356640  0.618465  1.180874  0.63470182E+04
  119 32.909549 11.158926 12.812394  6.022395 -1.334358  4.421031  0.618467  1.180882  0.63712917E+04
  120 32.917460 11.162621 12.802394  6.018428 -1.340355  4.484383  0.618470  1.180891  0.63953920E+04
  121 32.925174 11.166247 12.792394  6.014461 -1.346353  4.546703  0.618472  1.180899  0.64193291E+04
  122 32.932697 11.169807 12.782394  6.010494 -1.352351  4.607996  0.618474  1.180908  0.64431127E+04
  123 32.940037 11.173302 12.772394  6.006528 -1.358348  4.668269  0.618477  1.180917  0.64667517E+04
  124 32.947198 11.176736 12.762394  6.002561 -1.364346  4.727530  0.618479  1.180926  0.64902551E+04
  125 32.954188 11.180107 12.752394  5.998601 -1.369824  4.785615  0.619318  1.183987  0.65039115E+04
  126 32.961012 11.183418 12.742394  5.994648 -1.375830  4.842540  0.619327  1.184018  0.65271273E+04
  127 32.967675 11.186672 12.732394  5.990695 -1.381836  4.898482  0.619335  1.184049  0.65502416E+04
  128 32.974182 11.189872 12.722394  5.986742 -1.387842  4.953450  0.619343  1.184079  0.65732613E+04
  129 32.980539 11.193019 12.712394  5.982789 -1.393848  5.007453  0.619352  1.184109  0.65961931E+04
  130 32.986750 11.196115 12.702394  5.978836 -1.399853  5.060500  0.619360  1.184140  0.66190430E+04
  131 32.992820 11.199161 12.692394  5.974883 -1.405858  5.112602  0.619368  1.184170  0.66418170E+04
  132 32.998752 11.202158 12.682394  5.970930 -1.411863  5.163769  0.619376  1.184200  0.66645205E+04
  133 33.004552 11.205108 12.672394  5.966976 -1.417868  5.214010  0.619385  1.184231  0.66871586E+04
  134 33.010223 11.208012 12.662394  5.963023 -1.423872  5.263336  0.619393  1.184261  0.67097365E+04
  135 33.015768 11.210871 12.652394  5.959070 -1.429877  5.311759  0.619401  1.184291  0.67322587E+04
  136 33.021192 11.213687 12.642394  5.955117 -1.435881  5.359288  0.619409  1.184321  0.67547297E+04
  137 33.026499 11.216461 12.632394  5.951164 -1.441885  5.405935  0.619418  1.184351  0.67771540E+04
  138 33.031690 11.219194 12.622394  5.947211 -1.447889  5.451711  0.619426  1.184381  0.67995411E+04
  139 33.036770 11.221887 12.612394  5.943258 -1.453893  5.496626  0.619434  1.184411  0.68218914E+04
  140 33.041742 11.224540 12.602394  5.939305 -1.459896  5.540693  0.619442  1.184441  0.68442062E+04
  141 33.046609 11.227155 12.592394  5.935352 -1.465900  5.583922  0.619450  1.184471  0.68664895E+04
  142 33.051373 11.229734 12.582394  5.931399 -1.471903  5.626325  0.619459  1.184501  0.68887447E+04
  143 33.056037 11.232276 12.572394  5.927446 -1.477906  5.667913  0.619467  1.184531  0.69109757E+04
  144 33.060604 11.234782 12.562394  5.923494 -1.483909  5.708698  0.619475  1.184561  0.69331859E+04
  145 33.065077 11.237254 12.552394  5.919541 -1.489912  5.748691  0.619483  1.184592  0.69553792E+04
  146 33.069458 11.239693 12.542394  5.915589 -1.495914  5.787903  0.619492  1.184622  0.69775591E+04
  147 33.073749 11.242098 12.532394  5.911636 -1.501917  5.826347  0.619500  1.184653  0.69997292E+04
  148 33.077952 11.244471 12.522394  5.907684 -1.507919  5.864033  0.619509  1.184684  0.70218931E+04
  149 33.082071 11.246813 12.512394  5.903732 -1.513922  5.900973  0.619517  1.184715  0.70440544E+04
  150 33.086106 11.249124 12.502394  5.899780 -1.519924  5.937179  0.619526  1.184746  0.70662166E+04
  151 33.090060 11.251405 12.492394  5.895829 -1.525926  5.972662  0.619534  1.184777  0.70883818E+04
  152 33.093936 11.253656 12.482394  5.891877 -1.531928  6.007432  0.619543  1.184809  0.71105555E+04
  153 33.097734 11.255878 12.472394  5.887926 -1.537930  6.041502  0.619552  1.184841  0.71327412E+04
  154 33.101457 11.258073 12.462394  5.883975 -1.543932  6.074883  0.619561  1.184874  0.71549427E+04
  155 33.105106 11.260239 12.452394  5.880024 -1.549934  6.107585  0.619570  1.184907  0.71771635E+04
  156 33.108684 11.262379 12.442394  5.876074 -1.555936  6.139621  0.619579  1.184940  0.71994073E+04
  157 33.112192 11.264492 12.432394  5.872123 -1.561938  6.171000  0.619588  1.184973  0.72216775E+04
  158 33.115632 11.266579 12.422394  5.868173 -1.567940  6.201733  0.619597  1.185007  0.72439778E+04
  159 33.119004 11.268641 12.412394  5.864224 -1.573942  6.231833  0.619606  1.185041  0.72663118E+04
  160 33.122312 11.270677 12.402394  5.860274 -1.579944  6.261309  0.619616  1.185076  0.72886828E+04
  161 33.125556 11.272689 12.392394  5.856325 -1.585945  6.290171  0.619625  1.185111  0.73110945E+04
  162 33.128737 11.274678 12.382394  5.852376 -1.591947  6.318432  0.619635  1.185146  0.73335501E+04
  163 33.131858 11.276642 12.372394  5.848428 -1.597949  6.346100  0.619645  1.185182  0.73560530E+04
  164 33.134919 11.278584 12.362394  5.844480 -1.603951  6.373187  0.619655  1.185218  0.73786066E+04
  165 33.137921 11.280503 12.352394  5.840532 -1.609952  6.399702  0.619665  1.185255  0.74012139E+04
  166 33.140867 11.282399 12.342394  5.836584 -1.615954  6.425656  0.619675  1.185292  0.74238780E+04
  167 33.143757 11.284274 12.332394  5.832637 -1.621956  6.451059  0.619685  1.185329  0.74466019E+04
  168 33.146593 11.286127 12.322394  5.828690 -1.627957  6.475921  0.619696  1.185367  0.74693886E+04
  169 33.149375 11.287960 12.312394  5.824743 -1.633959  6.500251  0.619706  1.185406  0.74922406E+04
  170 33.152105 11.289771 12.302394  5.820797 -1.639960  6.524060  0.619717  1.185444  0.75151606E+04
  171 33.154784 11.291563 12.292394  5.816850 -1.645962  6.547356  0.619727  1.185484  0.75381509E+04
  172 33.157413 11.293334 12.282395  5.812905 -1.651963  6.570149  0.619738  1.185523  0.75612140E+04
  173 33.159993 11.295086 12.272395  5.808959 -1.657965  6.592450  0.619749  1.185563  0.75843519E+04
  174 33.162525 11.296818 12.262395  5.805014 -1.663966  6.614265  0.619760  1.185603  0.76075665E+04
  175 33.165010 11.298531 12.252395  5.801069 -1.669967  6.635606  0.619771  1.185644  0.76308598E+04
  176 33.167449 11.300226 12.242395  5.797124 -1.675968  6.656481  0.619782  1.185685  0.76542327E+04
  177 33.169843 11.301902 12.232395  5.793180 -1.681969  6.676898  0.619794  1.185727  0.76776872E+04
  178 33.172193 11.303561 12.222395  5.789235 -1.687970  6.696867  0.619805  1.185769  0.77012253E+04
  179 33.174500 11.305201 12.212395  5.785291 -1.693971  6.716396  0.619817  1.185811  0.77248481E+04
  180 33.176765 11.306824 12.202395  5.781348 -1.699972  6.735494  0.619828  1.185854  0.77485571E+04
  181 33.178988 11.308430 12.192395  5.777404 -1.705973  6.754168  0.619840  1.185897  0.77723535E+04
  182 33.181170 11.310019 12.182395  5.773461 -1.711974  6.772427  0.619852  1.185940  0.77962384E+04
  183 33.183313 11.311591 12.172395  5.769519 -1.717974  6.790280  0.619864  1.185984  0.78202129E+04
  184 33.185416 11.313147 12.162395  5.765576 -1.723975  6.807734  0.619876  1.186029  0.78442781E+04
  185 33.187481 11.314687 12.152395  5.761634 -1.729975  6.824798  0.619889  1.186074  0.78684351E+04
  186 33.189509 11.316210 12.142395  5.757692 -1.735976  6.841478  0.619901  1.186119  0.78926850E+04
  187 33.191500 11.317718 12.132395  5.753750 -1.741976  6.857782  0.619914  1.186165  0.79170286E+04
  188 33.193454 11.319211 12.122395  5.749809 -1.747976  6.873719  0.619926  1.186211  0.79414674E+04
  189 33.195374 11.320688 12.112395  5.745868 -1.753976  6.889295  0.619939  1.186258  0.79660022E+04
  190 33.197258 11.322151 12.102395  5.741927 -1.759976  6.904518  0.619952  1.186306  0.79906338E+04
  191 33.199109 11.323598 12.092395  5.737987 -1.765976  6.919395  0.619965  1.186354  0.80153633E+04
  192 33.200926 11.325031 12.082395  5.734047 -1.771976  6.933933  0.619979  1.186403  0.80401918E+04
  193 33.202711 11.326450 12.072395  5.730108 -1.777976  6.948139  0.619992  1.186453  0.80651202E+04
  194 33.204463 11.327854 12.062396  5.726169 -1.783976  6.962019  0.620006  1.186503  0.80901496E+04
  195 33.206184 11.329245 12.052396  5.722230 -1.789976  6.975581  0.620020  1.186554  0.81152811E+04
  196 33.207874 11.330622 12.042396  5.718292 -1.795976  6.988830  0.620034  1.186606  0.81405159E+04
  197 33.209533 11.331985 12.032396  5.714354 -1.801976  7.001774  0.620048  1.186658  0.81658552E+04
  198 33.211163 11.333335 12.022396  5.710417 -1.807976  7.014419  0.620063  1.186712  0.81913001E+04
  199 33.212764 11.334671 12.012396  5.706480 -1.813975  7.026771  0.620078  1.186766  0.82168519E+04
  200 33.214335 11.335995 12.002396  5.702544 -1.819975  7.038837  0.620093  1.186821  0.82425120E+04
  201 33.215879 11.337306 11.992396  5.698608 -1.825975  7.050621  0.620108  1.186877  0.82682816E+04
  202 33.217395 11.338604 11.982396  5.694673 -1.831975  7.062131  0.620124  1.186935  0.82941620E+04
  203 33.218884 11.339889 11.972396  5.690738 -1.837975  7.073372  0.620140  1.186993  0.83201551E+04
  204 33.220347 11.341162 11.962396  5.686804 -1.843975  7.084349  0.620156  1.187052  0.83462627E+04
  205 33.221783 11.342423 11.952396  5.682870 -1.849975  7.095069  0.620172  1.187112  0.83724865E+04
  206 33.223193 11.343672 11.942396  5.678937 -1.855975  7.105536  0.620189  1.187174  0.83988284E+04
  207 33.224579 11.344909 11.932396  5.675005 -1.861976  7.115757  0.620206  1.187236  0.84252902E+04
  208 33.225940 11.346134 11.922397  5.671073 -1.867976  7.125737  0.620224  1.187300  0.84518740E+04
  209 33.227276 11.347348 11.912397  5.667142 -1.873976  7.135480  0.620241  1.187365  0.84785817E+04
  210 33.228589 11.348550 11.902397  5.663212 -1.879977  7.144992  0.620259  1.187432  0.85054156E+04
  211 33.229878 11.349741 11.892397  5.659282 -1.885978  7.154279  0.620278  1.187499  0.85323779E+04
  212 33.231144 11.350921 11.882397  5.655353 -1.891978  7.163344  0.620297  1.187568  0.85594706E+04
  213 33.232387 11.352089 11.872397  5.651425 -1.897979  7.172193  0.620316  1.187638  0.85866960E+04
  214 33.233609 11.353247 11.862397  5.647498 -1.903980  7.180830  0.620335  1.187710  0.86140568E+04
  215 33.234808 11.354394 11.852397  5.643571 -1.909982  7.189260  0.620355  1.187782  0.86415547E+04
  216 33.235987 11.355530 11.842397  5.639645 -1.915983  7.197489  0.620375  1.187857  0.86691916E+04
  217 33.237144 11.356656 11.832397  5.635719 -1.921984  7.205519  0.620396  1.187932  0.86969692E+04
  218 33.238281 11.357772 11.822397  5.631795 -1.927986  7.213356  0.620417  1.188009  0.87248895E+04
  219 33.239397 11.358877 11.812398  5.627871 -1.933987  7.221004  0.620438  1.188087  0.87529539E+04
  220 33.240493 11.359972 11.802398  5.623948 -1.939989  7.228467  0.620460  1.188167  0.87811640E+04
  221 33.241570 11.361057 11.792398  5.620025 -1.945991  7.235749  0.620482  1.188248  0.88095210E+04
  222 33.242628 11.362132 11.782398  5.616103 -1.951993  7.242854  0.620505  1.188331  0.88380259E+04
  223 33.243667 11.363198 11.772398  5.612182 -1.957995  7.249787  0.620528  1.188415  0.88666795E+04
  224 33.244687 11.364253 11.762398  5.608262 -1.963997  7.256550  0.620551  1.188501  0.88954825E+04
  225 33.245689 11.365299 11.752398  5.604343 -1.970000  7.263149  0.620575  1.188588  0.89244353E+04
  226 33.246673 11.366336 11.742398  5.600424 -1.976002  7.269587  0.620599  1.188676  0.89535382E+04
  227 33.247640 11.367363 11.732398  5.596506 -1.982005  7.275867  0.620624  1.188766  0.89827913E+04
  228 33.248590 11.368381 11.722399  5.592589 -1.988007  7.281992  0.620648  1.188858  0.90121945E+04
  229 33.249522 11.369390 11.712399  5.588672 -1.994010  7.287968  0.620674  1.188951  0.90417479E+04
  230 33.250438 11.370390 11.702399  5.584757 -2.000013  7.293796  0.620700  1.189045  0.90714510E+04
  231 33.251337 11.371381 11.692399  5.580842 -2.006016  7.299480  0.620726  1.189142  0.91013038E+04
  232 33.252220 11.372363 11.682399  5.576928 -2.012019  7.305025  0.620753  1.189240  0.91313060E+04
  233 33.253088 11.373336 11.672399  5.573014 -2.018022  7.310432  0.620780  1.189339  0.91614573E+04
  234 33.253940 11.374300 11.662399  5.569102 -2.024026  7.315705  0.620807  1.189441  0.91917575E+04
  235 33.254777 11.375256 11.652399  5.565190 -2.030029  7.320847  0.620836  1.189544  0.92222064E+04
  236 33.255598 11.376204 11.642399  5.561280 -2.036033  7.325861  0.620864  1.189649  0.92528040E+04
  237 33.256405 11.377143 11.632400  5.557370 -2.042037  7.330751  0.620893  1.189756  0.92835501E+04
  238 33.257198 11.378073 11.622400  5.553461 -2.048041  7.335518  0.620923  1.189865  0.93144449E+04
  239 33.257976 11.378996 11.612400  5.549553 -2.054045  7.340167  0.620953  1.189976  0.93454884E+04
  240 33.258741 11.379910 11.602400  5.545647 -2.060050  7.344699  0.620984  1.190089  0.93766806E+04
  241 33.259491 11.380817 11.592400  5.541741 -2.066055  7.349117  0.621015  1.190204  0.94080219E+04
  242 33.260228 11.381715 11.582400  5.537836 -2.072060  7.353425  0.621047  1.190321  0.94395127E+04
  243 33.260952 11.382605 11.572400  5.533932 -2.078065  7.357624  0.621080  1.190441  0.94711531E+04
  244 33.261663 11.383488 11.562401  5.530029 -2.084070  7.361718  0.621113  1.190563  0.95029436E+04
  245 33.262361 11.384363 11.552401  5.526128 -2.090076  7.365708  0.621147  1.190687  0.95348846E+04
  246 33.263046 11.385230 11.542401  5.522227 -2.096082  7.369598  0.621181  1.190814  0.95669765E+04
  247 33.263719 11.386090 11.532401  5.518328 -2.102089  7.373389  0.621217  1.190943  0.95992197E+04
  248 33.264380 11.386942 11.522401  5.514430 -2.108095  7.377084  0.621252  1.191075  0.96316146E+04
  249 33.265029 11.387787 11.512401  5.510533 -2.114103  7.380686  0.621289  1.191210  0.96641617E+04
  250 33.265667 11.388624 11.502402  5.506638 -2.120110  7.384196  0.621326  1.191347  0.96968614E+04
  251 33.266292 11.389455 11.492402  5.502744 -2.126118  7.387617  0.621365  1.191487  0.97297141E+04
  252 33.266907 11.390277 11.482402  5.498851 -2.132126  7.390950  0.621403  1.191630  0.97627200E+04
  253 33.267510 11.391093 11.472402  5.494959 -2.138135  7.394199  0.621443  1.191776  0.97958797E+04
  254 33.268102 11.391902 11.462402  5.491069 -2.144144  7.397364  0.621484  1.191925  0.98291933E+04
  255 33.268684 11.392704 11.452402  5.487181 -2.150154  7.400449  0.621525  1.192077  0.98626612E+04
  256 33.269255 11.393499 11.442403  5.483293 -2.156164  7.403455  0.621567  1.192233  0.98962835E+04
  257 33.269816 11.394287 11.432403  5.479408 -2.162175  7.406383  0.621611  1.192391  0.99300606E+04
  258 33.270366 11.395068 11.422403  5.475524 -2.168186  7.409236  0.621655  1.192553  0.99639925E+04
  259 33.270906 11.395842 11.412403  5.471641 -2.174198  7.412016  0.621700  1.192719  0.99980796E+04
  260 33.271437 11.396610 11.402403  5.467760 -2.180211  7.414724  0.621746  1.192888  0.10032322E+05
  261 33.271958 11.397371 11.392404  5.463881 -2.186224  7.417363  0.621793  1.193061  0.10066719E+05
  262 33.272469 11.398126 11.382404  5.460004 -2.192238  7.419933  0.621841  1.193238  0.10101272E+05
  263 33.272971 11.398874 11.372404  5.456128 -2.198252  7.422437  0.621890  1.193418  0.10135981E+05
  264 33.273464 11.399616 11.362404  5.452254 -2.204267  7.424876  0.621940  1.193603  0.10170845E+05
  265 33.273948 11.400351 11.352404  5.448382 -2.210283  7.427252  0.621991  1.193792  0.10205865E+05
  266 33.274423 11.401080 11.342405  5.444512 -2.216299  7.429566  0.622043  1.193984  0.10241041E+05
  267 33.274889 11.401803 11.332405  5.440644 -2.222317  7.431820  0.622097  1.194181  0.10276372E+05
  268 33.275347 11.402520 11.322405  5.436777 -2.228335  7.434015  0.622151  1.194383  0.10311860E+05
  269 33.275796 11.403231 11.312405  5.432913 -2.234354  7.436153  0.622207  1.194589  0.10347504E+05
  270 33.276237 11.403935 11.302405  5.429051 -2.240374  7.438236  0.622265  1.194799  0.10383305E+05
  271 33.276670 11.404634 11.292406  5.425191 -2.246395  7.440264  0.622323  1.195015  0.10419262E+05
  272 33.277095 11.405326 11.282406  5.421333 -2.252416  7.442239  0.622383  1.195235  0.10455376E+05
  273 33.277512 11.406013 11.272406  5.417477 -2.258439  7.444162  0.622444  1.195460  0.10491648E+05
  274 33.277922 11.406694 11.262406  5.413624 -2.264462  7.446035  0.622506  1.195690  0.10528077E+05
  275 33.278324 11.407369 11.252407  5.409773 -2.270487  7.447859  0.622570  1.195925  0.10564665E+05
  276 33.278718 11.408038 11.242407  5.405924 -2.276513  7.449635  0.622635  1.196166  0.10601412E+05
  277 33.279105 11.408702 11.232407  5.402078 -2.282539  7.451364  0.622702  1.196412  0.10638319E+05
  278 33.279485 11.409360 11.222407  5.398234 -2.288567  7.453048  0.622770  1.196663  0.10675386E+05
  279 33.279858 11.410013 11.212407  5.394392 -2.294596  7.454687  0.622840  1.196920  0.10712614E+05
  280 33.280224 11.410660 11.202408  5.390554 -2.300627  7.456283  0.622911  1.197183  0.10750004E+05
  281 33.280583 11.411301 11.192408  5.386717 -2.306658  7.457837  0.622983  1.197452  0.10787558E+05
  282 33.280936 11.411937 11.182408  5.382884 -2.312691  7.459350  0.623058  1.197727  0.10825276E+05
  283 33.281282 11.412568 11.172408  5.379053 -2.318724  7.460823  0.623134  1.198007  0.10863159E+05
  284 33.281621 11.413193 11.162409  5.375225 -2.324760  7.462257  0.623212  1.198295  0.10901208E+05
  285 33.281954 11.413813 11.152409  5.371399 -2.330796  7.463652  0.623291  1.198588  0.10939425E+05
  286 33.282281 11.414428 11.142409  5.367577 -2.336834  7.465011  0.623372  1.198888  0.10977811E+05
  287 33.282602 11.415038 11.132410  5.363757 -2.342873  7.466334  0.623455  1.199194  0.11016366E+05
  288 33.282917 11.415643 11.122410  5.359941 -2.348914  7.467621  0.623539  1.199507  0.11055092E+05
  289 33.283226 11.416242 11.112410  5.356127 -2.354956  7.468875  0.623626  1.199827  0.11093989E+05
  290 33.283529 11.416837 11.102410  5.352316 -2.361000  7.470094  0.623714  1.200153  0.11133058E+05
  291 33.283826 11.417426 11.092411  5.348509 -2.367045  7.471282  0.623804  1.200487  0.11172300E+05
  292 33.284118 11.418011 11.082411  5.344704 -2.373092  7.472437  0.623896  1.200828  0.11211714E+05
  293 33.284404 11.418590 11.072411  5.340903 -2.379140  7.473562  0.623990  1.201176  0.11251301E+05
  294 33.284685 11.419165 11.062412  5.337105 -2.385190  7.474657  0.624086  1.201531  0.11291061E+05
  295 33.284961 11.419735 11.052412  5.333310 -2.391242  7.475722  0.624184  1.201894  0.11330992E+05
  296 33.285231 11.420300 11.042412  5.329518 -2.397295  7.476759  0.624284  1.202264  0.11371093E+05
  297 33.285497 11.420860 11.032412  5.325730 -2.403350  7.477768  0.624386  1.202642  0.11411364E+05
  298 33.285757 11.421416 11.022413  5.321945 -2.409407  7.478750  0.624490  1.203028  0.11451803E+05
  299 33.286012 11.421967 11.012413  5.318164 -2.415466  7.479705  0.624596  1.203421  0.11492408E+05
  300 33.286263 11.422514 11.002413  5.314386 -2.421526  7.480635  0.624704  1.203823  0.11533176E+05
  301 33.286509 11.423056 10.992414  5.310611 -2.427589  7.481540  0.624814  1.204233  0.11574105E+05
  302 33.286750 11.423593 10.982414  5.306841 -2.433653  7.482420  0.624927  1.204651  0.11615193E+05
  303 33.286986 11.424126 10.972414  5.303074 -2.439719  7.483277  0.625042  1.205078  0.11656436E+05
  304 33.287218 11.424655 10.962415  5.299311 -2.445788  7.484111  0.625159  1.205514  0.11697830E+05
  305 33.287446 11.425179 10.952415  5.295552 -2.451858  7.484922  0.625279  1.205958  0.11739373E+05
  306 33.287669 11.425698 10.942415  5.291796 -2.457931  7.485711  0.625400  1.206411  0.11781061E+05
  307 33.287888 11.426214 10.932416  5.288045 -2.464006  7.486479  0.625525  1.206874  0.11822891E+05
  308 33.288103 11.426725 10.922416  5.284298 -2.470083  7.487226  0.625652  1.207346  0.11864859E+05
  309 33.288314 11.427232 10.912416  5.280555 -2.476162  7.487953  0.625781  1.207827  0.11906962E+05
  310 33.288520 11.427734 10.902417  5.276817 -2.482244  7.488660  0.625913  1.208318  0.11949196E+05
  311 33.288723 11.428233 10.892417  5.273082 -2.488329  7.489348  0.626047  1.208819  0.11991558E+05
  312 33.288922 11.428727 10.882417  5.269353 -2.494416  7.490018  0.626184  1.209330  0.12034046E+05
  313 33.289117 11.429217 10.872418  5.265627 -2.500506  7.490669  0.626324  1.209851  0.12076656E+05
  314 33.289308 11.429704 10.862418  5.261907 -2.506598  7.491302  0.626466  1.210383  0.12119386E+05
  315 33.289496 11.430186 10.852418  5.258191 -2.512694  7.491919  0.626612  1.210926  0.12162234E+05
  316 33.289680 11.430664 10.842419  5.254481 -2.518792  7.492518  0.626760  1.211479  0.12205198E+05
  317 33.289860 11.431138 10.832419  5.250775 -2.524894  7.493101  0.626911  1.212044  0.12248277E+05
  318 33.290037 11.431608 10.822420  5.247075 -2.530998  7.493669  0.627065  1.212620  0.12291469E+05
  319 33.290211 11.432075 10.812420  5.243379 -2.537106  7.494221  0.627222  1.213207  0.12334774E+05
  320 33.290381 11.432537 10.802420  5.239690 -2.543217  7.494757  0.627382  1.213806  0.12378192E+05
  321 33.290548 11.432996 10.792421  5.236005 -2.549332  7.495280  0.627546  1.214417  0.12421722E+05
  322 33.290711 11.433451 10.782421  5.232326 -2.555450  7.495788  0.627712  1.215040  0.12465366E+05
  323 33.290872 11.433902 10.772421  5.228653 -2.561572  7.496282  0.627881  1.215675  0.12509123E+05
  324 33.291029 11.434350 10.762422  5.224986 -2.567698  7.496762  0.628054  1.216323  0.12552995E+05
  325 33.291183 11.434794 10.752422  5.221325 -2.573827  7.497230  0.628230  1.216984  0.12596984E+05
  326 33.291335 11.435234 10.742423  5.217670 -2.579961  7.497684  0.628410  1.217657  0.12641092E+05
  327 33.291483 11.435670 10.732423  5.214021 -2.586098  7.498127  0.628593  1.218343  0.12685321E+05
  328 33.291628 11.436103 10.722423  5.210378 -2.592240  7.498557  0.628779  1.219043  0.12729675E+05
  329 33.291771 11.436533 10.712424  5.206741 -2.598386  7.498975  0.628968  1.219755  0.12774156E+05
  330 33.291911 11.436959 10.702424  5.203112 -2.604536  7.499382  0.629161  1.220482  0.12818769E+05
  331 33.292048 11.437381 10.692425  5.199488 -2.610690  7.499778  0.629358  1.221221  0.12863518E+05
  332 33.292182 11.437800 10.682425  5.195871 -2.616850  7.500163  0.629558  1.221975  0.12908407E+05
  333 33.292314 11.438216 10.672426  5.192261 -2.623013  7.500537  0.629762  1.222742  0.12953442E+05
  334 33.292443 11.438628 10.662426  5.188658 -2.629182  7.500901  0.629969  1.223523  0.12998628E+05
  335 33.292570 11.439037 10.652426  5.185062 -2.635355  7.501256  0.630180  1.224318  0.13043971E+05
  336 33.292694 11.439442 10.642427  5.181473 -2.641534  7.501600  0.630394  1.225127  0.13089478E+05
  337 33.292815 11.439845 10.632427  5.177891 -2.647717  7.501935  0.630612  1.225950  0.13135156E+05
  338 33.292935 11.440244 10.622428  5.174315 -2.653905  7.502261  0.630833  1.226787  0.13181012E+05
  339 33.293052 11.440639 10.612428  5.170748 -2.660098  7.502577  0.631058  1.227639  0.13227053E+05
  340 33.293166 11.441032 10.602428  5.167187 -2.666297  7.502886  0.631287  1.228504  0.13273289E+05
  341 33.293279 11.441421 10.592429  5.163633 -2.672501  7.503185  0.631519  1.229384  0.13319728E+05
  342 33.293389 11.441808 10.582429  5.160087 -2.678710  7.503477  0.631755  1.230278  0.13366379E+05
  343 33.293497 11.442191 10.572430  5.156549 -2.684925  7.503760  0.631995  1.231186  0.13413253E+05
  344 33.293603 11.442571 10.562430  5.153017 -2.691145  7.504036  0.632238  1.232108  0.13460359E+05
  345 33.293706 11.442948 10.552431  5.149493 -2.697370  7.504304  0.632484  1.233045  0.13507708E+05
  346 33.293808 11.443322 10.542431  5.145977 -2.703601  7.504564  0.632734  1.233995  0.13555312E+05
  347 33.293908 11.443693 10.532432  5.142468 -2.709838  7.504818  0.632987  1.234959  0.13603183E+05
  348 33.294005 11.444061 10.522432  5.138966 -2.716080  7.505064  0.633244  1.235937  0.13651331E+05
  349 33.294101 11.444426 10.512432  5.135471 -2.722328  7.505304  0.633505  1.236928  0.13699771E+05
  350 33.294195 11.444788 10.502433  5.131984 -2.728581  7.505537  0.633768  1.237933  0.13748516E+05
  351 33.294287 11.445148 10.492433  5.128505 -2.734840  7.505764  0.634035  1.238952  0.13797578E+05
  352 33.294377 11.445504 10.482434  5.125032 -2.741105  7.505984  0.634305  1.239983  0.13846971E+05
  353 33.294465 11.445858 10.472434  5.121567 -2.747375  7.506199  0.634578  1.241027  0.13896711E+05
  354 33.294552 11.446208 10.462435  5.118109 -2.753652  7.506407  0.634854  1.242084  0.13946812E+05
  355 33.294637 11.446556 10.452435  5.114658 -2.759933  7.506610  0.635134  1.243154  0.13997288E+05
  356 33.294720 11.446902 10.442436  5.111214 -2.766220  7.506807  0.635416  1.244236  0.14048156E+05
  357 33.294801 11.447244 10.432436  5.107777 -2.772513  7.506999  0.635701  1.245329  0.14099431E+05
  358 33.294881 11.447584 10.422436  5.104347 -2.778811  7.507185  0.635989  1.246435  0.14151129E+05
  359 33.294959 11.447921 10.412437  5.100924 -2.785115  7.507366  0.636280  1.247552  0.14203267E+05
  360 33.295036 11.448255 10.402437  5.097507 -2.791424  7.507542  0.636573  1.248679  0.14255861E+05
  361 33.295111 11.448587 10.392438  5.094097 -2.797739  7.507714  0.636869  1.249818  0.14308928E+05
  362 33.295185 11.448917 10.382438  5.090693 -2.804058  7.507880  0.637167  1.250967  0.14362485E+05
  363 33.295257 11.449243 10.372439  5.087295 -2.810383  7.508042  0.637468  1.252126  0.14416550E+05
  364 33.295328 11.449567 10.362439  5.083904 -2.816713  7.508200  0.637771  1.253294  0.14471139E+05
  365 33.295397 11.449889 10.352440  5.080518 -2.823048  7.508353  0.638075  1.254472  0.14526270E+05
  366 33.295465 11.450208 10.342440  5.077138 -2.829388  7.508502  0.638382  1.255658  0.14581961E+05
  367 33.295531 11.450524 10.332440  5.073764 -2.835733  7.508647  0.638691  1.256853  0.14638229E+05
  368 33.295596 11.450839 10.322441  5.070395 -2.842082  7.508788  0.639002  1.258056  0.14695091E+05
  369 33.295660 11.451150 10.312441  5.067031 -2.848436  7.508925  0.639314  1.259266  0.14752565E+05
  370 33.295723 11.451459 10.302442  5.063672 -2.854794  7.509058  0.639627  1.260484  0.14810668E+05
  371 33.295784 11.451766 10.292442  5.060318 -2.861156  7.509188  0.639942  1.261707  0.14869417E+05
  372 33.295844 11.452071 10.282443  5.056968 -2.867522  7.509313  0.640259  1.262937  0.14928829E+05
  373 33.295903 11.452373 10.272443  5.053622 -2.873892  7.509436  0.640576  1.264173  0.14988921E+05
  374 33.295960 11.452672 10.262443  5.050281 -2.880266  7.509555  0.640895  1.265414  0.15049709E+05
  375 33.296017 11.452970 10.252444  5.046943 -2.886643  7.509671  0.641214  1.266659  0.15111208E+05
  376 33.296072 11.453265 10.242444  5.043609 -2.893024  7.509783  0.641534  1.267908  0.15173435E+05
  377 33.296126 11.453558 10.232445  5.040278 -2.899407  7.509892  0.641855  1.269161  0.15236405E+05
  378 33.296179 11.453848 10.222445  5.036950 -2.905794  7.509999  0.642176  1.270417  0.15300131E+05
  379 33.296231 11.454136 10.212446  5.033625 -2.912183  7.510102  0.642497  1.271676  0.15364628E+05
  380 33.296282 11.454422 10.202446  5.030302 -2.918575  7.510203  0.642819  1.272937  0.15429909E+05
  381 33.296332 11.454706 10.192446  5.026982 -2.924968  7.510300  0.643141  1.274199  0.15495987E+05
  382 33.296381 11.454988 10.182447  5.023663 -2.931364  7.510395  0.643463  1.275462  0.15562872E+05
  383 33.296429 11.455267 10.172447  5.020346 -2.937762  7.510488  0.643784  1.276726  0.15630577E+05
  384 33.296476 11.455544 10.162448  5.017030 -2.944161  7.510577  0.644105  1.277989  0.15699111E+05
  385 33.296521 11.455820 10.152448  5.013715 -2.950562  7.510665  0.644426  1.279252  0.15768482E+05
  386 33.296566 11.456093 10.142448  5.010401 -2.956963  7.510750  0.644746  1.280514  0.15838699E+05
  387 33.296611 11.456364 10.132449  5.007087 -2.963365  7.510832  0.645066  1.281775  0.15909768E+05
  388 33.296654 11.456632 10.122449  5.003774 -2.969768  7.510912  0.645384  1.283033  0.15981696E+05
  389 33.296696 11.456899 10.112449  5.000460 -2.976171  7.510990  0.645702  1.284289  0.16054485E+05
  390 33.296737 11.457164 10.102450  4.997145 -2.982574  7.511066  0.646019  1.285543  0.16128140E+05
  391 33.296778 11.457426 10.092450  4.993830 -2.988976  7.511140  0.646334  1.286792  0.16202661E+05
  392 33.296818 11.457687 10.082451  4.990514 -2.995378  7.511211  0.646648  1.288038  0.16278048E+05
  393 33.296856 11.457946 10.072451  4.987196 -3.001779  7.511281  0.646961  1.289280  0.16354301E+05
  394 33.296895 11.458202 10.062451  4.983876 -3.008179  7.511348  0.647273  1.290517  0.16431415E+05
  395 33.296932 11.458457 10.052452  4.980555 -3.014578  7.511414  0.647583  1.291750  0.16509387E+05
  396 33.296968 11.458709 10.042452  4.977231 -3.020975  7.511478  0.647891  1.292977  0.16588210E+05
  397 33.297004 11.458960 10.032452  4.973905 -3.027371  7.511540  0.648198  1.294198  0.16667875E+05
  398 33.297039 11.459209 10.022453  4.970576 -3.033764  7.511600  0.648502  1.295413  0.16748373E+05
  399 33.297073 11.459455 10.012453  4.967244 -3.040154  7.511659  0.648805  1.296623  0.16829693E+05
  400 33.297107 11.459700 10.002454  4.963909 -3.046543  7.511716  0.649107  1.297825  0.16911820E+05
  401 33.297140 11.459943  9.992454  4.960570 -3.052928  7.511771  0.649406  1.299022  0.16994739E+05
  402 33.297172 11.460184  9.982454  4.957227 -3.059310  7.511825  0.649703  1.300211  0.17078434E+05
  403 33.297204 11.460423  9.972455  4.953881 -3.065689  7.511878  0.649998  1.301394  0.17162884E+05
  404 33.297235 11.460661  9.962455  4.950530 -3.072064  7.511928  0.650291  1.302569  0.17248070E+05
  405 33.297265 11.460896  9.952455  4.947176 -3.078436  7.511978  0.650582  1.303737  0.17333968E+05
  406 33.297295 11.461129  9.942456  4.943816 -3.084804  7.512026  0.650872  1.304899  0.17420555E+05
  407 33.297324 11.461361  9.932456  4.940452 -3.091167  7.512072  0.651159  1.306053  0.17507803E+05
  408 33.297352 11.461591  9.922456  4.937083 -3.097526  7.512118  0.651444  1.307200  0.17595687E+05
  409 33.297380 11.461819  9.912457  4.933710 -3.103881  7.512162  0.651727  1.308339  0.17684175E+05
  410 33.297407 11.462045  9.902457  4.930331 -3.110232  7.512205  0.652008  1.309472  0.17773239E+05
  411 33.297434 11.462270  9.892457  4.926947 -3.116577  7.512246  0.652287  1.310599  0.17862845E+05
  412 33.297460 11.462493  9.882458  4.923558 -3.122918  7.512287  0.652564  1.311718  0.17952960E+05
  413 33.297485 11.462714  9.872458  4.920164 -3.129254  7.512326  0.652840  1.312832  0.18043550E+05
  414 33.297510 11.462933  9.862458  4.916765 -3.135585  7.512364  0.653114  1.313939  0.18134579E+05
  415 33.297535 11.463150  9.852459  4.913361 -3.141911  7.512401  0.653386  1.315041  0.18226011E+05
  416 33.297559 11.463366  9.842459  4.909951 -3.148231  7.512437  0.653657  1.316138  0.18317810E+05
  417 33.297582 11.463580  9.832459  4.906537 -3.154547  7.512472  0.653926  1.317229  0.18409937E+05
  418 33.297605 11.463792  9.822459  4.903117 -3.160858  7.512506  0.654194  1.318316  0.18502354E+05
  419 33.297628 11.464003  9.812460  4.899692 -3.167163  7.512539  0.654461  1.319400  0.18595024E+05
  420 33.297650 11.464211  9.802460  4.896263 -3.173463  7.512571  0.654726  1.320480  0.18687909E+05
  421 33.297672 11.464418  9.792460  4.892828 -3.179759  7.512602  0.654991  1.321557  0.18780969E+05
  422 33.297693 11.464624  9.782461  4.889389 -3.186049  7.512632  0.655255  1.322631  0.18874167E+05
  423 33.297713 11.464828  9.772461  4.885946 -3.192334  7.512662  0.655519  1.323705  0.18967466E+05
  424 33.297734 11.465030  9.762461  4.882498 -3.198615  7.512690  0.655782  1.324777  0.19060828E+05
  425 33.297753 11.465230  9.752462  4.879047 -3.204891  7.512718  0.656044  1.325849  0.19154219E+05
  426 33.297773 11.465429  9.742462  4.875592 -3.211162  7.512745  0.656307  1.326922  0.19247601E+05
  427 33.297792 11.465627  9.732462  4.872133 -3.217429  7.512771  0.656570  1.327995  0.19340942E+05
  428 33.297810 11.465822  9.722463  4.868670 -3.223692  7.512796  0.656833  1.329071  0.19434208E+05
  429 33.297829 11.466016  9.712463  4.865205 -3.229950  7.512821  0.657096  1.330150  0.19527367E+05
  430 33.297847 11.466209  9.702463  4.861737 -3.236205  7.512845  0.657361  1.331233  0.19620388E+05
  431 33.297864 11.466400  9.692463  4.858267 -3.242456  7.512868  0.657626  1.332320  0.19713242E+05
  432 33.297881 11.466589  9.682464  4.854794 -3.248704  7.512891  0.657892  1.333412  0.19805903E+05
  433 33.297898 11.466777  9.672464  4.851320 -3.254949  7.512912  0.658160  1.334511  0.19898343E+05
  434 33.297914 11.466963  9.662464  4.847844 -3.261191  7.512934  0.658429  1.335617  0.19990538E+05
  435 33.297930 11.467148  9.652465  4.844368 -3.267430  7.512954  0.658699  1.336731  0.20082466E+05
  436 33.297946 11.467331  9.642465  4.840890 -3.273667  7.512975  0.658972  1.337855  0.20174106E+05
  437 33.297961 11.467513  9.632465  4.837413 -3.279902  7.512994  0.659247  1.338988  0.20265437E+05
  438 33.297976 11.467693  9.622466  4.833935 -3.286135  7.513013  0.659525  1.340132  0.20356443E+05
  439 33.297991 11.467872  9.612466  4.830458 -3.292367  7.513031  0.659805  1.341288  0.20447107E+05
  440 33.298005 11.468049  9.602466  4.826982 -3.298598  7.513049  0.660088  1.342457  0.20537415E+05
  441 33.298019 11.468225  9.592467  4.823507 -3.304828  7.513066  0.660374  1.343640  0.20627354E+05
  442 33.298033 11.468399  9.582467  4.820034 -3.311057  7.513083  0.660663  1.344837  0.20716913E+05
  443 33.298047 11.468572  9.572467  4.816562 -3.317287  7.513100  0.660956  1.346050  0.20806083E+05
  444 33.298060 11.468743  9.562468  4.813094 -3.323516  7.513115  0.661253  1.347280  0.20894854E+05
  445 33.298073 11.468913  9.552468  4.809628 -3.329747  7.513131  0.661553  1.348528  0.20983221E+05
  446 33.298085 11.469082  9.542468  4.806166 -3.335978  7.513146  0.661858  1.349793  0.21071178E+05
  447 33.298098 11.469249  9.532469  4.802707 -3.342211  7.513160  0.662167  1.351079  0.21158721E+05
  448 33.298110 11.469415  9.522469  4.799252 -3.348445  7.513174  0.662481  1.352384  0.21245847E+05
  449 33.298122 11.469579  9.512469  4.795802 -3.354681  7.513188  0.662799  1.353711  0.21332554E+05
  450 33.298133 11.469742  9.502470  4.792357 -3.360920  7.513201  0.663122  1.355060  0.21418842E+05
  451 33.298145 11.469904  9.492470  4.788918 -3.367161  7.513214  0.663451  1.356432  0.21504711E+05
  452 33.298156 11.470064  9.482470  4.785484 -3.373406  7.513227  0.663785  1.357828  0.21590163E+05
  453 33.298167 11.470223  9.472471  4.782056 -3.379654  7.513239  0.664125  1.359248  0.21675199E+05
  454 33.298177 11.470381  9.462471  4.778635 -3.385906  7.513251  0.664470  1.360694  0.21759824E+05
  455 33.298188 11.470537  9.452471  4.775221 -3.392162  7.513262  0.664821  1.362167  0.21844041E+05
  456 33.298198 11.470693  9.442472  4.771814 -3.398422  7.513274  0.665179  1.363667  0.21927854E+05
  457 33.298208 11.470846  9.432472  4.768415 -3.404688  7.513284  0.665542  1.365195  0.22011270E+05
  458 33.298218 11.470999  9.422472  4.765024 -3.410959  7.513295  0.665912  1.366752  0.22094294E+05
  459 33.298227 11.471150  9.412473  4.761641 -3.417235  7.513305  0.666289  1.368338  0.22176934E+05
  460 33.298237 11.471301  9.402473  4.758267 -3.423517  7.513315  0.666672  1.369955  0.22259196E+05
  461 33.298246 11.471449  9.392473  4.754903 -3.429805  7.513325  0.667063  1.371603  0.22341089E+05
  462 33.298255 11.471597  9.382474  4.751547 -3.436100  7.513334  0.667460  1.373283  0.22422622E+05
  463 33.298263 11.471744  9.372474  4.748202 -3.442402  7.513343  0.667865  1.374996  0.22503803E+05
  464 33.298272 11.471889  9.362474  4.744867 -3.448712  7.513352  0.668277  1.376742  0.22584643E+05
  465 33.298280 11.472033  9.352475  4.741542 -3.455028  7.513360  0.668696  1.378521  0.22665153E+05
  466 33.298289 11.472176  9.342475  4.738228 -3.461353  7.513369  0.669123  1.380336  0.22745342E+05
  467 33.298297 11.472318  9.332476  4.734926 -3.467686  7.513377  0.669557  1.382185  0.22825223E+05
  468 33.298305 11.472458  9.322476  4.731634 -3.474027  7.513385  0.670000  1.384070  0.22904808E+05
  469 33.298312 11.472598  9.312476  4.728355 -3.480378  7.513392  0.670450  1.385992  0.22984111E+05
  470 33.298320 11.472736  9.302477  4.725087 -3.486737  7.513399  0.670908  1.387951  0.23063144E+05
  471 33.298327 11.472873  9.292477  4.721831 -3.493105  7.513407  0.671375  1.389947  0.23141922E+05
  472 33.298334 11.473009  9.282478  4.718588 -3.499484  7.513414  0.671849  1.391981  0.23220460E+05
  473 33.298341 11.473144  9.272478  4.715358 -3.505872  7.513420  0.672332  1.394054  0.23298775E+05
  474 33.298348 11.473278  9.262478  4.712141 -3.512270  7.513427  0.672823  1.396166  0.23376881E+05
  475 33.298355 11.473411  9.252479  4.708937 -3.518679  7.513433  0.673323  1.398318  0.23454798E+05
  476 33.298362 11.473543  9.242479  4.705746 -3.525099  7.513440  0.673831  1.400509  0.23532542E+05
  477 33.298368 11.473674  9.232480  4.702569 -3.531529  7.513446  0.674348  1.402741  0.23610133E+05
  478 33.298374 11.473804  9.222480  4.699406 -3.537971  7.513451  0.674873  1.405013  0.23687591E+05
  479 33.298381 11.473932  9.212480  4.696256 -3.544424  7.513457  0.675406  1.407327  0.23764936E+05
  480 33.298387 11.474060  9.202481  4.693121 -3.550888  7.513463  0.675949  1.409682  0.23842191E+05
  481 33.298392 11.474187  9.192481  4.690001 -3.557365  7.513468  0.676500  1.412079  0.23919376E+05
  482 33.298398 11.474313  9.182482  4.686895 -3.563853  7.513473  0.677059  1.414518  0.23996517E+05
  483 33.298404 11.474437  9.172482  4.683803 -3.570354  7.513478  0.677627  1.416999  0.24073636E+05
  484 33.298409 11.474561  9.162482  4.680726 -3.576867  7.513483  0.678204  1.419523  0.24150773E+05
  485 33.298415 11.474684  9.152483  4.677664 -3.583392  7.513488  0.678790  1.422090  0.24227969E+05
  486 33.298420 11.474806  9.142483  4.674618 -3.589930  7.513493  0.679384  1.424699  0.24305215E+05
  487 33.298425 11.474927  9.132484  4.671586 -3.596481  7.513497  0.679987  1.427352  0.24382540E+05
  488 33.298430 11.475047  9.122484  4.668569 -3.603045  7.513501  0.680599  1.430049  0.24459972E+05
  489 33.298435 11.475166  9.112484  4.665568 -3.609622  7.513506  0.681219  1.432788  0.24537540E+05
  490 33.298440 11.475284  9.102485  4.662582 -3.616212  7.513510  0.681848  1.435572  0.24615273E+05
  491 33.298445 11.475402  9.092485  4.659611 -3.622815  7.513514  0.682486  1.438399  0.24693201E+05
  492 33.298450 11.475518  9.082486  4.656656 -3.629432  7.513518  0.683132  1.441269  0.24771355E+05
  493 33.298454 11.475634  9.072486  4.653716 -3.636062  7.513522  0.683786  1.444184  0.24849766E+05
  494 33.298459 11.475748  9.062487  4.650791 -3.642706  7.513525  0.684449  1.447142  0.24928465E+05
  495 33.298463 11.475862  9.052487  4.647882 -3.649363  7.513529  0.685120  1.450144  0.25007485E+05
  496 33.298467 11.475975  9.042487  4.644988 -3.656034  7.513532  0.685799  1.453190  0.25086857E+05
  497 33.298471 11.476088  9.032488  4.642110 -3.662718  7.513536  0.686487  1.456279  0.25166613E+05
  498 33.298476 11.476199  9.022488  4.639247 -3.669416  7.513539  0.687183  1.459413  0.25246785E+05
  499 33.298479 11.476310  9.012489  4.636399 -3.676128  7.513542  0.687886  1.462589  0.25327405E+05
  500 33.298483 11.476419  9.002489  4.633567 -3.682853  7.513545  0.688598  1.465810  0.25408505E+05
  501 33.298487 11.476528  8.992490  4.630750 -3.689592  7.513548  0.689318  1.469073  0.25490117E+05
  502 33.298491 11.476636  8.982490  4.627948 -3.696345  7.513551  0.690045  1.472380  0.25572273E+05
  503 33.298495 11.476744  8.972491  4.625161 -3.703111  7.513554  0.690781  1.475730  0.25655003E+05
  504 33.298498 11.476850  8.962491  4.622388 -3.709891  7.513557  0.691524  1.479124  0.25738337E+05
  505 33.298502 11.476956  8.952491  4.619631 -3.716684  7.513559  0.692274  1.482560  0.25822307E+05
  506 33.298505 11.477061  8.942492  4.616889 -3.723491  7.513562  0.693032  1.486038  0.25906941E+05
  507 33.298508 11.477166  8.932492  4.614161 -3.730311  7.513565  0.693797  1.489560  0.25992269E+05
  508 33.298512 11.477269  8.922493  4.611448 -3.737144  7.513567  0.694570  1.493124  0.26078317E+05
  509 33.298515 11.477372  8.912493  4.608749 -3.743991  7.513569  0.695349  1.496730  0.26165114E+05
  510 33.298518 11.477475  8.902494  4.606064 -3.750850  7.513572  0.696136  1.500378  0.26252686E+05
  511 33.298521 11.477576  8.892494  4.603394 -3.757723  7.513574  0.696930  1.504069  0.26341059E+05
  512 33.298524 11.477677  8.882495  4.600737 -3.764608  7.513576  0.697730  1.507801  0.26430256E+05
  513 33.298527 11.477777  8.872495  4.598094 -3.771507  7.513578  0.698537  1.511575  0.26520301E+05
  514 33.298530 11.477876  8.862495  4.595465 -3.778418  7.513580  0.699351  1.515390  0.26611217E+05
  515 33.298533 11.477975  8.852496  4.592850 -3.785341  7.513582  0.700172  1.519246  0.26703025E+05
  516 33.298535 11.478073  8.842496  4.590248 -3.792277  7.513584  0.700999  1.523144  0.26795745E+05
  517 33.298538 11.478170  8.832497  4.587659 -3.799225  7.513586  0.701832  1.527083  0.26889396E+05
  518 33.298541 11.478267  8.822497  4.585083 -3.806186  7.513588  0.702672  1.531062  0.26983995E+05
  519 33.298543 11.478363  8.812498  4.582520 -3.813158  7.513590  0.703518  1.535083  0.27079560E+05
  520 33.298546 11.478458  8.802498  4.579969 -3.820142  7.513592  0.704370  1.539144  0.27176105E+05
  521 33.298548 11.478553  8.792499  4.577431 -3.827138  7.513594  0.705228  1.543245  0.27273644E+05
  522 33.298551 11.478647  8.782499  4.574906 -3.834146  7.513595  0.706091  1.547387  0.27372191E+05
  523 33.298553 11.478741  8.772499  4.572393 -3.841165  7.513597  0.706961  1.551569  0.27471757E+05
  524 33.298555 11.478834  8.762500  4.569892 -3.848195  7.513598  0.707837  1.555791  0.27572352E+05
  525 33.298557 11.478926  8.752500  4.567402 -3.855237  7.513600  0.708718  1.560053  0.27673984E+05
  526 33.298560 11.479018  8.742501  4.564925 -3.862289  7.513601  0.709605  1.564356  0.27776662E+05
  527 33.298562 11.479109  8.732501  4.562459 -3.869352  7.513603  0.710497  1.568698  0.27880392E+05
  528 33.298564 11.479199  8.722502  4.560004 -3.876426  7.513604  0.711395  1.573080  0.27985180E+05
  529 33.298566 11.479289  8.712502  4.557560 -3.883510  7.513606  0.712298  1.577502  0.28091028E+05
  530 33.298568 11.479378  8.702503  4.555128 -3.890605  7.513607  0.713206  1.581964  0.28197941E+05
  531 33.298570 11.479467  8.692503  4.552706 -3.897710  7.513608  0.714120  1.586466  0.28305919E+05
  532 33.298572 11.479555  8.682503  4.550295 -3.904825  7.513609  0.715039  1.591008  0.28414963E+05
  533 33.298574 11.479643  8.672504  4.547895 -3.911949  7.513611  0.715963  1.595590  0.28525069E+05
  534 33.298576 11.479741  8.661213  4.545197 -3.920007  7.513612  0.717013  1.600811  0.28650683E+05
