# DMESTAR Mass Track Snapshot
#
# Model Number:    300  Age (Myr):      2.625
#  Mass (Msun):  1.000 Fe/H (dex):   0.05
#
#---------
   16   75
    1 28.361093  9.164692 15.020177  6.648788  0.244940  0.000030  0.618357  1.180481  0.00000000E+00
    2 28.411093  9.181359 15.020146  6.648779  0.244919  0.000033  0.618357  1.180481  0.00000000E+00
    3 28.461093  9.198026 15.020113  6.648768  0.244897  0.000037  0.618357  1.180481  0.00000000E+00
    4 28.511093  9.214695 15.020078  6.648757  0.244872  0.000042  0.618357  1.180481  0.00000000E+00
    5 28.561093  9.231364 15.020039  6.648745  0.244846  0.000047  0.618357  1.180481  0.00000000E+00
    6 28.611093  9.248034 15.019998  6.648732  0.244818  0.000053  0.618357  1.180481  0.00000000E+00
    7 28.661093  9.264705 15.019953  6.648718  0.244787  0.000059  0.618357  1.180481  0.00000000E+00
    8 28.711093  9.281376 15.019905  6.648703  0.244754  0.000066  0.618357  1.180481  0.00000000E+00
    9 28.761093  9.298048 15.019853  6.648687  0.244718  0.000074  0.618357  1.180481  0.00000000E+00
   10 28.811093  9.314721 15.019796  6.648669  0.244679  0.000083  0.618357  1.180481  0.00000000E+00
   11 28.861093  9.331395 15.019735  6.648650  0.244638  0.000093  0.618357  1.180481  0.00000000E+00
   12 28.911093  9.348069 15.019670  6.648629  0.244593  0.000105  0.618357  1.180481  0.00000000E+00
   13 28.961093  9.364745 15.019598  6.648607  0.244544  0.000118  0.618357  1.180481  0.00000000E+00
   14 29.011093  9.381421 15.019522  6.648583  0.244492  0.000132  0.618357  1.180481  0.00000000E+00
   15 29.061093  9.398098 15.019439  6.648557  0.244435  0.000148  0.618357  1.180481  0.00000000E+00
   16 29.111093  9.414776 15.019350  6.648529  0.244374  0.000166  0.618357  1.180481  0.00000000E+00
   17 29.161093  9.431455 15.019253  6.648498  0.244308  0.000186  0.618357  1.180481  0.00000000E+00
   18 29.211093  9.448136 15.019149  6.648466  0.244236  0.000209  0.618357  1.180481  0.00000000E+00
   19 29.261093  9.464817 15.019036  6.648430  0.244159  0.000235  0.618357  1.180481  0.00000000E+00
   20 29.311093  9.481500 15.018914  6.648392  0.244076  0.000263  0.618357  1.180481  0.00000000E+00
   21 29.361093  9.498184 15.018783  6.648351  0.243986  0.000295  0.618357  1.180481  0.00000000E+00
   22 29.411093  9.514870 15.018641  6.648306  0.243889  0.000331  0.618357  1.180481  0.00000000E+00
   23 29.461093  9.531557 15.018488  6.648258  0.243784  0.000372  0.618357  1.180481  0.00000000E+00
   24 29.511093  9.548246 15.018323  6.648206  0.243671  0.000417  0.618357  1.180481  0.00000000E+00
   25 29.561093  9.564937 15.018144  6.648150  0.243549  0.000468  0.618357  1.180481  0.00000000E+00
   26 29.611093  9.581630 15.017951  6.648089  0.243417  0.000525  0.618357  1.180481  0.00000000E+00
   27 29.661093  9.598325 15.017742  6.648023  0.243274  0.000589  0.618357  1.180481  0.00000000E+00
   28 29.711093  9.615022 15.017517  6.647953  0.243120  0.000660  0.618357  1.180481  0.00000000E+00
   29 29.761093  9.631722 15.017274  6.647876  0.242954  0.000740  0.618357  1.180481  0.00000000E+00
   30 29.811093  9.648425 15.017012  6.647793  0.242775  0.000831  0.618357  1.180481  0.00000000E+00
   31 29.861093  9.665130 15.016728  6.647704  0.242581  0.000932  0.618357  1.180481  0.00000000E+00
   32 29.911093  9.681838 15.016422  6.647608  0.242372  0.001045  0.618357  1.180481  0.00000000E+00
   33 29.961093  9.698550 15.016091  6.647503  0.242146  0.001172  0.618357  1.180481  0.00000000E+00
   34 30.011093  9.715265 15.015734  6.647391  0.241901  0.001314  0.618357  1.180481  0.00000000E+00
   35 30.061093  9.731985 15.015348  6.647269  0.241638  0.001474  0.618357  1.180481  0.00000000E+00
   36 30.111093  9.748708 15.014931  6.647137  0.241353  0.001653  0.618357  1.180481  0.00000000E+00
   37 30.161093  9.765436 15.014480  6.646995  0.241045  0.001853  0.618357  1.180481  0.00000000E+00
   38 30.211093  9.782170 15.013993  6.646841  0.240713  0.002078  0.618357  1.180481  0.00000000E+00
   39 30.261093  9.798908 15.013468  6.646675  0.240355  0.002330  0.618357  1.180481  0.00000000E+00
   40 30.311093  9.815652 15.012900  6.646495  0.239967  0.002613  0.618357  1.180481  0.00000000E+00
   41 30.361093  9.832402 15.012286  6.646301  0.239549  0.002929  0.618357  1.180481  0.00000000E+00
   42 30.411093  9.849160 15.011623  6.646091  0.239096  0.003284  0.618358  1.180481  0.00000000E+00
   43 30.461093  9.865924 15.010906  6.645864  0.238608  0.003681  0.618358  1.180481  0.00000000E+00
   44 30.511093  9.882696 15.010132  6.645618  0.238081  0.004127  0.618358  1.180481  0.00000000E+00
   45 30.561093  9.899477 15.009295  6.645353  0.237511  0.004625  0.618358  1.180481  0.00000000E+00
   46 30.611093  9.916266 15.008391  6.645065  0.236895  0.005183  0.618358  1.180481  0.00000000E+00
   47 30.661093  9.933066 15.007413  6.644754  0.236231  0.005809  0.618358  1.180481  0.00000000E+00
   48 30.711093  9.949877 15.006357  6.644418  0.235512  0.006508  0.618358  1.180481  0.00000000E+00
   49 30.761093  9.966699 15.005215  6.644054  0.234736  0.007292  0.618358  1.180481  0.00000000E+00
   50 30.811093  9.983533 15.003980  6.643659  0.233898  0.008169  0.618358  1.180481  0.00000000E+00
   51 30.861093 10.000381 15.002645  6.643232  0.232992  0.009149  0.618358  1.180481  0.00000000E+00
   52 30.911093 10.017244 15.001201  6.642770  0.232013  0.010246  0.618358  1.180482  0.00000000E+00
   53 30.961093 10.034122 14.999639  6.642269  0.230955  0.011473  0.618358  1.180482  0.00000000E+00
   54 31.011093 10.051018 14.997950  6.641726  0.229812  0.012845  0.618358  1.180482  0.00000000E+00
   55 31.061093 10.067932 14.996123  6.641137  0.228576  0.014378  0.618358  1.180482  0.00000000E+00
   56 31.111093 10.084866 14.994147  6.640499  0.227241  0.016090  0.618358  1.180482  0.00000000E+00
   57 31.161093 10.101821 14.992007  6.639806  0.225798  0.018002  0.618358  1.180482  0.00000000E+00
   58 31.211093 10.118800 14.989692  6.639055  0.224238  0.020137  0.618358  1.180482  0.00000000E+00
   59 31.261093 10.135805 14.987186  6.638239  0.222552  0.022518  0.618358  1.180482  0.00000000E+00
   60 31.311093 10.152836 14.984472  6.637353  0.220729  0.025173  0.618358  1.180482  0.00000000E+00
   61 31.361093 10.169898 14.981533  6.636390  0.218758  0.028133  0.618358  1.180482  0.00000000E+00
   62 31.411093 10.186992 14.978349  6.635342  0.216627  0.031429  0.618358  1.180482  0.00000000E+00
   63 31.461093 10.204120 14.974899  6.634203  0.214323  0.035098  0.618358  1.180482  0.00000000E+00
   64 31.511093 10.221287 14.971159  6.632962  0.211831  0.039177  0.618358  1.180483  0.00000000E+00
   65 31.561093 10.238494 14.967104  6.631610  0.209135  0.043710  0.618358  1.180483  0.00000000E+00
   66 31.611093 10.255745 14.962705  6.630134  0.206220  0.048741  0.618358  1.180483  0.00000000E+00
   67 31.661093 10.273045 14.957932  6.628524  0.203066  0.054319  0.618358  1.180483  0.00000000E+00
   68 31.711093 10.290397 14.952750  6.626764  0.199654  0.060494  0.618358  1.180483  0.00000000E+00
   69 31.761093 10.307805 14.947121  6.624838  0.195963  0.067322  0.618358  1.180483  0.00000000E+00
   70 31.811093 10.325274 14.941005  6.622728  0.191969  0.074858  0.618358  1.180484  0.00000000E+00
   71 31.861093 10.342810 14.934354  6.620412  0.187648  0.083160  0.618358  1.180484  0.00000000E+00
   72 31.911093 10.360418 14.927117  6.617866  0.182972  0.092283  0.618358  1.180484  0.00000000E+00
   73 31.961093 10.378105 14.919237  6.615062  0.177914  0.102284  0.618358  1.180485  0.00000000E+00
   74 32.011093 10.395876 14.910650  6.611967  0.172441  0.113212  0.618358  1.180485  0.00000000E+00
   75 32.061093 10.413739 14.901284  6.608542  0.166522  0.125107  0.618359  1.180485  0.00000000E+00
   76 32.110020 10.431316 14.891287  6.604827  0.160264  0.137709  0.618359  1.180486  0.00000000E+00
   77 32.155019 10.447572 14.881294  6.601049  0.154074  0.150142  0.618359  1.180486  0.00000000E+00
   78 32.197247 10.462913 14.871150  6.597145  0.147864  0.162546  0.618359  1.180487  0.00000000E+00
   79 32.235977 10.477060 14.861135  6.593214  0.141808  0.174644  0.618359  1.180487  0.00000000E+00
   80 32.272117 10.490332 14.851122  6.589243  0.135795  0.186743  0.618359  1.180488  0.54573794E+03
   81 32.305962 10.502829 14.841109  6.585268  0.129785  0.198904  0.618359  1.180489  0.70730579E+03
   82 32.337761 10.514635 14.831097  6.581295  0.123777  0.211114  0.618360  1.180489  0.82299119E+03
   83 32.367726 10.525822 14.821087  6.577321  0.117769  0.223355  0.618360  1.180490  0.91714179E+03
   84 32.396037 10.536450 14.811076  6.573348  0.111761  0.235609  0.618360  1.180491  0.99813216E+03
   85 32.422847 10.546572 14.801067  6.569375  0.105754  0.247860  0.618360  1.180491  0.10699790E+04
   86 32.448290 10.556232 14.791058  6.565402  0.099747  0.260095  0.618360  1.180492  0.11349673E+04
   87 32.472485 10.565471 14.781050  6.561430  0.093741  0.272301  0.618361  1.180493  0.11945433E+04
   88 32.495534 10.574323 14.771042  6.557458  0.087735  0.284467  0.618361  1.180494  0.12496927E+04
   89 32.517526 10.582818 14.761035  6.553486  0.081730  0.296581  0.618361  1.180494  0.13011244E+04
   90 32.538543 10.590983 14.751028  6.549514  0.075725  0.308635  0.618361  1.180495  0.13493701E+04
   91 32.558656 10.598843 14.741021  6.545542  0.069720  0.320619  0.618361  1.180496  0.13948417E+04
   92 32.577929 10.606419 14.731015  6.541570  0.063716  0.332525  0.618362  1.180497  0.14378666E+04
   93 32.596419 10.613730 14.721009  6.537599  0.057711  0.344347  0.618362  1.180498  0.14787112E+04
   94 32.614178 10.620794 14.711003  6.533627  0.051707  0.356078  0.618362  1.180499  0.15175956E+04
   95 32.631254 10.627626 14.700998  6.529656  0.045704  0.367711  0.618362  1.180500  0.15547051E+04
   96 32.647688 10.634241 14.690992  6.525685  0.039700  0.379242  0.618363  1.180501  0.15901971E+04
   97 32.663519 10.640651 14.680987  6.521714  0.033697  0.390665  0.618363  1.180502  0.16242074E+04
   98 32.678783 10.646869 14.670983  6.517743  0.027694  0.401976  0.618363  1.180503  0.16568541E+04
   99 32.693512 10.652906 14.660978  6.513772  0.021692  0.413172  0.618364  1.180504  0.16882405E+04
  100 32.707736 10.658770 14.650974  6.509802  0.015689  0.424248  0.618364  1.180505  0.17184581E+04
  101 32.721482 10.664472 14.640969  6.505831  0.009687  0.435201  0.618364  1.180506  0.17475885E+04
  102 32.734775 10.670020 14.630965  6.501861  0.003685  0.446029  0.618365  1.180508  0.17757044E+04
  103 32.747639 10.675422 14.620961  6.497890 -0.002317  0.456729  0.618365  1.180509  0.18029208E+04
  104 32.760094 10.680684 14.610957  6.493920 -0.008319  0.467299  0.618365  1.180510  0.18292819E+04
  105 32.772161 10.685814 14.600954  6.489950 -0.014321  0.477737  0.618366  1.180511  0.18547985E+04
  106 32.783859 10.690818 14.590950  6.485980 -0.020322  0.488041  0.618366  1.180513  0.18795198E+04
  107 32.795205 10.695701 14.580947  6.482010 -0.026323  0.498211  0.618366  1.180514  0.19034910E+04
  108 32.806215 10.700470 14.570943  6.478040 -0.032324  0.508244  0.618367  1.180516  0.19267536E+04
  109 32.816903 10.705128 14.560940  6.474071 -0.038325  0.518140  0.618367  1.180517  0.19493461E+04
  110 32.827285 10.709681 14.550937  6.470101 -0.044326  0.527899  0.618368  1.180519  0.19713037E+04
  111 32.837373 10.714132 14.540934  6.466131 -0.050327  0.537519  0.618368  1.180520  0.19926596E+04
  112 32.847179 10.718487 14.530931  6.462162 -0.056327  0.547000  0.618369  1.180522  0.20134444E+04
  113 32.856716 10.722750 14.520928  6.458193 -0.062328  0.556342  0.618369  1.180524  0.20336866E+04
  114 32.865994 10.726922 14.510926  6.454224 -0.068328  0.565546  0.618370  1.180525  0.20534131E+04
  115 32.875023 10.731009 14.500923  6.450254 -0.074328  0.574610  0.618370  1.180527  0.20726490E+04
  116 32.883814 10.735014 14.490920  6.446285 -0.080328  0.583535  0.618371  1.180529  0.20914178E+04
  117 32.892375 10.738939 14.480918  6.442317 -0.086328  0.592322  0.618371  1.180531  0.21097416E+04
  118 32.900715 10.742787 14.470915  6.438348 -0.092327  0.600971  0.618372  1.180533  0.21276413E+04
  119 32.908842 10.746561 14.460913  6.434379 -0.098327  0.609482  0.618372  1.180535  0.21451366E+04
  120 32.916764 10.750264 14.450910  6.430411 -0.104326  0.617857  0.618373  1.180537  0.21622461E+04
  121 32.924488 10.753897 14.440908  6.426442 -0.110326  0.626095  0.618373  1.180539  0.21789875E+04
  122 32.932021 10.757465 14.430906  6.422474 -0.116325  0.634198  0.618374  1.180541  0.21953775E+04
  123 32.939371 10.760968 14.420904  6.418506 -0.122324  0.642166  0.618374  1.180544  0.22114318E+04
  124 32.946542 10.764408 14.410902  6.414538 -0.128323  0.650000  0.618375  1.180546  0.22271655E+04
  125 32.953542 10.767789 14.400900  6.410570 -0.134322  0.657702  0.618376  1.180548  0.22425930E+04
  126 32.960375 10.771110 14.390898  6.406602 -0.140321  0.665273  0.618376  1.180551  0.22577279E+04
  127 32.967048 10.774376 14.380896  6.402635 -0.146319  0.672712  0.618377  1.180553  0.22725831E+04
  128 32.973566 10.777586 14.370894  6.398667 -0.152318  0.680023  0.618378  1.180556  0.22871649E+04
  129 32.979932 10.780743 14.360892  6.394700 -0.158316  0.687205  0.618379  1.180559  0.23014806E+04
  130 32.986153 10.783849 14.350890  6.390732 -0.164314  0.694261  0.618379  1.180561  0.23155549E+04
  131 32.992233 10.786904 14.340888  6.386765 -0.170312  0.701191  0.618380  1.180564  0.23293983E+04
  132 32.998175 10.789910 14.330886  6.382798 -0.176311  0.707996  0.618381  1.180567  0.23430212E+04
  133 33.003985 10.792870 14.320885  6.378831 -0.182309  0.714679  0.618382  1.180570  0.23564331E+04
  134 33.009665 10.795783 14.310883  6.374865 -0.188306  0.721240  0.618383  1.180573  0.23696434E+04
  135 33.015221 10.798651 14.300881  6.370898 -0.194304  0.727682  0.618383  1.180576  0.23826611E+04
  136 33.020655 10.801476 14.290880  6.366932 -0.200302  0.734004  0.618384  1.180580  0.23954947E+04
  137 33.025971 10.804258 14.280878  6.362965 -0.206299  0.740209  0.618385  1.180583  0.24081522E+04
  138 33.031172 10.806999 14.270876  6.358999 -0.212297  0.746299  0.618386  1.180586  0.24206417E+04
  139 33.036261 10.809699 14.260875  6.355033 -0.218294  0.752274  0.618387  1.180590  0.24329705E+04
  140 33.041243 10.812361 14.250873  6.351067 -0.224292  0.758136  0.618388  1.180594  0.24451460E+04
  141 33.046119 10.814984 14.240872  6.347102 -0.230289  0.763887  0.618389  1.180597  0.24571750E+04
  142 33.050892 10.817570 14.230870  6.343136 -0.236286  0.769528  0.618390  1.180601  0.24690643E+04
  143 33.055565 10.820119 14.220869  6.339171 -0.242283  0.775061  0.618391  1.180605  0.24808203E+04
  144 33.060142 10.822633 14.210868  6.335206 -0.248280  0.780486  0.618392  1.180609  0.24924491E+04
  145 33.064623 10.825112 14.200866  6.331241 -0.254277  0.785807  0.618394  1.180613  0.25039568E+04
  146 33.069013 10.827557 14.190865  6.327276 -0.260273  0.791024  0.618395  1.180618  0.25153490E+04
  147 33.073312 10.829969 14.180864  6.323311 -0.266270  0.796138  0.618396  1.180622  0.25266313E+04
  148 33.077524 10.832349 14.170862  6.319347 -0.272266  0.801152  0.618397  1.180627  0.25378090E+04
  149 33.081651 10.834697 14.160861  6.315383 -0.278263  0.806067  0.618399  1.180631  0.25488873E+04
  150 33.085695 10.837014 14.150860  6.311418 -0.284259  0.810884  0.618400  1.180636  0.25598711E+04
  151 33.089658 10.839301 14.140859  6.307454 -0.290256  0.815605  0.618401  1.180641  0.25707652E+04
  152 33.093541 10.841558 14.130857  6.303491 -0.296252  0.820231  0.618403  1.180646  0.25815743E+04
  153 33.097347 10.843786 14.120856  6.299527 -0.302248  0.824763  0.618404  1.180651  0.25922946E+04
  154 33.101078 10.845986 14.110855  6.295564 -0.308244  0.829205  0.618405  1.180656  0.26028803E+04
  155 33.104736 10.848159 14.100854  6.291601 -0.314240  0.833555  0.618407  1.180662  0.26133989E+04
  156 33.108321 10.850304 14.090853  6.287638 -0.320236  0.837818  0.618408  1.180667  0.26238548E+04
  157 33.111837 10.852422 14.080852  6.283675 -0.326231  0.841992  0.618410  1.180673  0.26342520E+04
  158 33.115284 10.854514 14.070850  6.279712 -0.332227  0.846081  0.618412  1.180679  0.26445947E+04
  159 33.118664 10.856581 14.060849  6.275750 -0.338223  0.850086  0.618413  1.180685  0.26548865E+04
  160 33.121978 10.858623 14.050848  6.271788 -0.344218  0.854008  0.618415  1.180691  0.26651311E+04
  161 33.125229 10.860640 14.040847  6.267826 -0.350214  0.857848  0.618417  1.180697  0.26753319E+04
  162 33.128418 10.862633 14.030846  6.263864 -0.356209  0.861607  0.618418  1.180704  0.26854924E+04
  163 33.131545 10.864602 14.020845  6.259902 -0.362204  0.865288  0.618420  1.180710  0.26956156E+04
  164 33.134613 10.866549 14.010844  6.255941 -0.368199  0.868892  0.618422  1.180717  0.27057047E+04
  165 33.137622 10.868472 14.000843  6.251980 -0.374194  0.872420  0.618424  1.180724  0.27157625E+04
  166 33.140575 10.870373 13.990842  6.248019 -0.380189  0.875873  0.618426  1.180731  0.27257920E+04
  167 33.143471 10.872252 13.980841  6.244058 -0.386184  0.879252  0.618428  1.180739  0.27357958E+04
  168 33.146313 10.874110 13.970840  6.240098 -0.392179  0.882560  0.618430  1.180746  0.27457766E+04
  169 33.149102 10.875946 13.960840  6.236138 -0.398174  0.885796  0.618432  1.180754  0.27557368E+04
  170 33.151838 10.877762 13.950839  6.232178 -0.404169  0.888964  0.618434  1.180762  0.27656789E+04
  171 33.154523 10.879557 13.940838  6.228218 -0.410163  0.892063  0.618437  1.180770  0.27756052E+04
  172 33.157158 10.881332 13.930837  6.224259 -0.416158  0.895095  0.618439  1.180778  0.27855180E+04
  173 33.159744 10.883088 13.920836  6.220299 -0.422152  0.898062  0.618441  1.180787  0.27954195E+04
  174 33.162281 10.884824 13.910835  6.216340 -0.428147  0.900964  0.618444  1.180796  0.28053116E+04
  175 33.164772 10.886541 13.900834  6.212382 -0.434141  0.903803  0.618446  1.180805  0.28151965E+04
  176 33.167217 10.888239 13.890833  6.208423 -0.440135  0.906580  0.618449  1.180814  0.28250762E+04
  177 33.169617 10.889919 13.880833  6.204465 -0.446130  0.909296  0.618451  1.180823  0.28349524E+04
  178 33.171972 10.891581 13.870832  6.200507 -0.452124  0.911952  0.618454  1.180833  0.28448270E+04
  179 33.174284 10.893224 13.860831  6.196549 -0.458118  0.914550  0.618457  1.180843  0.28546909E+04
  180 33.176554 10.894851 13.850830  6.192592 -0.464112  0.917090  0.618459  1.180853  0.28645553E+04
  181 33.178782 10.896460 13.840829  6.188635 -0.470106  0.919574  0.618462  1.180863  0.28744237E+04
  182 33.180969 10.898052 13.830829  6.184678 -0.476099  0.922002  0.618465  1.180874  0.28842978E+04
  183 33.183117 10.899627 13.820828  6.180721 -0.482093  0.924377  0.618468  1.180885  0.28941792E+04
  184 33.185225 10.901186 13.810827  6.176765 -0.488087  0.926699  0.618471  1.180896  0.29040696E+04
  185 33.187295 10.902728 13.800826  6.172809 -0.494080  0.928968  0.618474  1.180907  0.29139706E+04
  186 33.189327 10.904255 13.790826  6.168853 -0.500074  0.931187  0.618477  1.180919  0.29238836E+04
  187 33.191323 10.905766 13.780825  6.164898 -0.506067  0.933355  0.618481  1.180931  0.29338102E+04
  188 33.193282 10.907261 13.770824  6.160942 -0.512061  0.935475  0.618484  1.180943  0.29437491E+04
  189 33.195206 10.908741 13.760824  6.156988 -0.518054  0.937546  0.618488  1.180956  0.29537043E+04
  190 33.197095 10.910206 13.750823  6.153033 -0.524047  0.939571  0.618491  1.180968  0.29636773E+04
  191 33.198950 10.911656 13.740822  6.149079 -0.530041  0.941549  0.618495  1.180982  0.29736696E+04
  192 33.200771 10.913092 13.730821  6.145125 -0.536034  0.943482  0.618498  1.180995  0.29836824E+04
  193 33.202560 10.914513 13.720821  6.141171 -0.542027  0.945371  0.618502  1.181009  0.29937169E+04
  194 33.204316 10.915920 13.710820  6.137218 -0.548020  0.947217  0.618506  1.181023  0.30037743E+04
  195 33.206041 10.917312 13.700820  6.133265 -0.554013  0.949021  0.618510  1.181037  0.30138558E+04
  196 33.207735 10.918691 13.690819  6.129312 -0.560005  0.950783  0.618514  1.181052  0.30239626E+04
  197 33.209398 10.920057 13.680818  6.125360 -0.565998  0.952504  0.618518  1.181067  0.30340958E+04
  198 33.211032 10.921409 13.670818  6.121408 -0.571991  0.954185  0.618522  1.181082  0.30442565E+04
  199 33.212636 10.922747 13.660817  6.117456 -0.577983  0.955827  0.618527  1.181098  0.30544457E+04
  200 33.214212 10.924073 13.650816  6.113505 -0.583976  0.957432  0.618531  1.181114  0.30646644E+04
  201 33.215759 10.925386 13.640816  6.109554 -0.589969  0.958998  0.618536  1.181131  0.30749137E+04
  202 33.217279 10.926686 13.630815  6.105603 -0.595961  0.960529  0.618540  1.181147  0.30851946E+04
  203 33.218771 10.927973 13.620815  6.101653 -0.601953  0.962023  0.618545  1.181165  0.30955080E+04
  204 33.220237 10.929248 13.610814  6.097703 -0.607946  0.963482  0.618550  1.181182  0.31058502E+04
  205 33.221677 10.930511 13.600813  6.093753 -0.613938  0.964908  0.618555  1.181200  0.31162236E+04
  206 33.223090 10.931761 13.590813  6.089804 -0.619930  0.966299  0.618560  1.181219  0.31266326E+04
  207 33.224479 10.933000 13.580812  6.085855 -0.625922  0.967658  0.618565  1.181238  0.31370783E+04
  208 33.225843 10.934227 13.570812  6.081906 -0.631914  0.968984  0.618570  1.181257  0.31475615E+04
  209 33.227182 10.935442 13.560811  6.077958 -0.637906  0.970279  0.618576  1.181277  0.31580831E+04
  210 33.228498 10.936646 13.550811  6.074010 -0.643898  0.971544  0.618581  1.181297  0.31686440E+04
  211 33.229790 10.937838 13.540810  6.070063 -0.649890  0.972778  0.618587  1.181317  0.31792450E+04
  212 33.231059 10.939020 13.530809  6.066116 -0.655882  0.973983  0.618592  1.181338  0.31898869E+04
  213 33.232306 10.940190 13.520809  6.062170 -0.661873  0.975159  0.618598  1.181360  0.32005706E+04
  214 33.233530 10.941349 13.510808  6.058223 -0.667865  0.976307  0.618604  1.181382  0.32112969E+04
  215 33.234732 10.942497 13.500808  6.054278 -0.673857  0.977427  0.618611  1.181404  0.32220664E+04
  216 33.235913 10.943635 13.490807  6.050332 -0.679848  0.978521  0.618617  1.181427  0.32328801E+04
  217 33.237073 10.944762 13.480807  6.046387 -0.685840  0.979588  0.618623  1.181451  0.32437385E+04
  218 33.238212 10.945879 13.470806  6.042443 -0.691831  0.980629  0.618630  1.181475  0.32546424E+04
  219 33.239331 10.946985 13.460806  6.038499 -0.697822  0.981645  0.618637  1.181499  0.32655926E+04
  220 33.240430 10.948081 13.450805  6.034555 -0.703814  0.982637  0.618643  1.181524  0.32765896E+04
  221 33.241510 10.949168 13.440805  6.030612 -0.709805  0.983604  0.618650  1.181550  0.32876342E+04
  222 33.242570 10.950244 13.430804  6.026669 -0.715796  0.984548  0.618658  1.181576  0.32987269E+04
  223 33.243611 10.951310 13.420804  6.022726 -0.721787  0.985469  0.618665  1.181602  0.33098686E+04
  224 33.244634 10.952367 13.410803  6.018784 -0.727778  0.986368  0.618672  1.181630  0.33210597E+04
  225 33.245638 10.953414 13.400803  6.014843 -0.733769  0.987244  0.618680  1.181657  0.33323009E+04
  226 33.246625 10.954451 13.390802  6.010902 -0.739760  0.988100  0.618688  1.181686  0.33435927E+04
  227 33.247593 10.955479 13.380802  6.006961 -0.745751  0.988934  0.618696  1.181715  0.33549355E+04
  228 33.248545 10.956498 13.370802  6.003021 -0.751742  0.989748  0.618704  1.181744  0.33663311E+04
  229 33.249480 10.957507 13.360801  5.999086 -0.757367  0.990541  0.619665  1.185255  0.33743330E+04
  230 33.250397 10.958507 13.350801  5.995156 -0.763362  0.991314  0.619679  1.185305  0.33858547E+04
  231 33.251299 10.959498 13.340800  5.991226 -0.769357  0.992067  0.619693  1.185355  0.33974276E+04
  232 33.252184 10.960480 13.330800  5.987296 -0.775352  0.992802  0.619707  1.185406  0.34090522E+04
  233 33.253053 10.961453 13.320800  5.983367 -0.781346  0.993519  0.619721  1.185458  0.34207291E+04
  234 33.253907 10.962417 13.310799  5.979439 -0.787341  0.994217  0.619735  1.185510  0.34324591E+04
  235 33.254746 10.963373 13.300799  5.975511 -0.793335  0.994899  0.619750  1.185563  0.34442426E+04
  236 33.255569 10.964320 13.290799  5.971583 -0.799330  0.995563  0.619764  1.185617  0.34560804E+04
  237 33.256378 10.965259 13.280798  5.967656 -0.805324  0.996211  0.619779  1.185671  0.34679730E+04
  238 33.257172 10.966189 13.270798  5.963729 -0.811318  0.996843  0.619794  1.185726  0.34799212E+04
  239 33.257952 10.967111 13.260798  5.959803 -0.817312  0.997459  0.619810  1.185782  0.34919256E+04
  240 33.258718 10.968025 13.250797  5.955878 -0.823306  0.998059  0.619825  1.185838  0.35039869E+04
  241 33.259471 10.968931 13.240797  5.951952 -0.829300  0.998645  0.619841  1.185896  0.35161058E+04
  242 33.260209 10.969829 13.230797  5.948028 -0.835294  0.999215  0.619857  1.185954  0.35282839E+04
  243 33.260935 10.970719 13.220796  5.944104 -0.841288  0.999771  0.619873  1.186012  0.35405217E+04
  244 33.261647 10.971601 13.210796  5.940180 -0.847282  1.000314  0.619889  1.186072  0.35528188E+04
  245 33.262346 10.972476 13.200796  5.936257 -0.853276  1.000842  0.619905  1.186133  0.35651758E+04
  246 33.263033 10.973342 13.190795  5.932335 -0.859269  1.001357  0.619922  1.186194  0.35775932E+04
  247 33.263708 10.974202 13.180795  5.928413 -0.865263  1.001860  0.619939  1.186256  0.35900714E+04
  248 33.264370 10.975053 13.170795  5.924492 -0.871256  1.002349  0.619957  1.186319  0.36026111E+04
  249 33.265020 10.975897 13.160795  5.920571 -0.877250  1.002826  0.619974  1.186383  0.36152128E+04
  250 33.265659 10.976734 13.150794  5.916651 -0.883243  1.003291  0.619992  1.186448  0.36278769E+04
  251 33.266286 10.977564 13.140794  5.912732 -0.889237  1.003743  0.620010  1.186514  0.36406038E+04
  252 33.266901 10.978386 13.130794  5.908813 -0.895230  1.004185  0.620028  1.186581  0.36533941E+04
  253 33.267506 10.979201 13.120793  5.904895 -0.901223  1.004615  0.620047  1.186648  0.36662481E+04
  254 33.268099 10.980009 13.110793  5.900977 -0.907217  1.005034  0.620065  1.186717  0.36791662E+04
  255 33.268682 10.980810 13.100793  5.897060 -0.913210  1.005442  0.620084  1.186786  0.36921492E+04
  256 33.269254 10.981604 13.090793  5.893143 -0.919203  1.005840  0.620104  1.186857  0.37051971E+04
  257 33.269816 10.982392 13.080792  5.889227 -0.925196  1.006227  0.620123  1.186928  0.37183100E+04
  258 33.270367 10.983172 13.070792  5.885312 -0.931189  1.006605  0.620143  1.187001  0.37314883E+04
  259 33.270909 10.983945 13.060792  5.881398 -0.937182  1.006973  0.620163  1.187075  0.37447322E+04
  260 33.271440 10.984712 13.050792  5.877484 -0.943175  1.007331  0.620183  1.187149  0.37580420E+04
  261 33.271962 10.985473 13.040792  5.873570 -0.949168  1.007680  0.620204  1.187225  0.37714179E+04
  262 33.272474 10.986226 13.030791  5.869657 -0.955160  1.008020  0.620225  1.187302  0.37848601E+04
  263 33.272977 10.986974 13.020791  5.865745 -0.961153  1.008351  0.620246  1.187379  0.37983688E+04
  264 33.273471 10.987714 13.010791  5.861834 -0.967146  1.008674  0.620268  1.187458  0.38119443E+04
  265 33.273956 10.988449 13.000791  5.857923 -0.973138  1.008988  0.620290  1.187539  0.38255869E+04
  266 33.274432 10.989177 12.990790  5.854013 -0.979131  1.009294  0.620312  1.187620  0.38392966E+04
  267 33.274899 10.989898 12.980790  5.850104 -0.985123  1.009592  0.620335  1.187702  0.38530738E+04
  268 33.275357 10.990614 12.970790  5.846195 -0.991116  1.009882  0.620358  1.187786  0.38669184E+04
  269 33.275807 10.991323 12.960790  5.842287 -0.997108  1.010165  0.620381  1.187871  0.38808309E+04
  270 33.276249 10.992027 12.950790  5.838380 -1.003101  1.010440  0.620404  1.187958  0.38948115E+04
  271 33.276683 10.992724 12.940789  5.834474 -1.009093  1.010708  0.620428  1.188046  0.39088607E+04
  272 33.277109 10.993415 12.930789  5.830568 -1.015085  1.010969  0.620453  1.188135  0.39229786E+04
  273 33.277526 10.994101 12.920789  5.826663 -1.021078  1.011223  0.620477  1.188225  0.39371655E+04
  274 33.277937 10.994780 12.910789  5.822759 -1.027070  1.011471  0.620503  1.188317  0.39514219E+04
  275 33.278339 10.995454 12.900789  5.818855 -1.033062  1.011712  0.620528  1.188411  0.39657480E+04
  276 33.278734 10.996122 12.890789  5.814953 -1.039054  1.011946  0.620554  1.188506  0.39801441E+04
  277 33.279122 10.996784 12.880788  5.811051 -1.045047  1.012174  0.620580  1.188602  0.39946106E+04
  278 33.279502 10.997440 12.870788  5.807150 -1.051039  1.012397  0.620607  1.188700  0.40091478E+04
  279 33.279876 10.998091 12.860788  5.803250 -1.057031  1.012613  0.620634  1.188800  0.40237562E+04
  280 33.280242 10.998737 12.850788  5.799350 -1.063024  1.012824  0.620662  1.188901  0.40384361E+04
  281 33.280602 10.999377 12.840788  5.795452 -1.069016  1.013029  0.620690  1.189004  0.40531877E+04
  282 33.280955 11.000011 12.830788  5.791555 -1.075008  1.013228  0.620719  1.189109  0.40680117E+04
  283 33.281302 11.000640 12.820787  5.787658 -1.081001  1.013423  0.620748  1.189216  0.40829088E+04
  284 33.281642 11.001263 12.810787  5.783762 -1.086993  1.013612  0.620778  1.189324  0.40978793E+04
  285 33.281975 11.001882 12.800787  5.779867 -1.092985  1.013796  0.620808  1.189435  0.41129238E+04
  286 33.282303 11.002495 12.790787  5.775974 -1.098978  1.013975  0.620838  1.189547  0.41280428E+04
  287 33.282624 11.003102 12.780787  5.772081 -1.104970  1.014149  0.620869  1.189661  0.41432370E+04
  288 33.282939 11.003705 12.770787  5.768189 -1.110963  1.014319  0.620901  1.189777  0.41585068E+04
  289 33.283248 11.004302 12.760787  5.764298 -1.116955  1.014484  0.620933  1.189895  0.41738528E+04
  290 33.283552 11.004895 12.750786  5.760408 -1.122948  1.014645  0.620966  1.190014  0.41892757E+04
  291 33.283850 11.005482 12.740786  5.756519 -1.128941  1.014801  0.620999  1.190136  0.42047759E+04
  292 33.284142 11.006064 12.730786  5.752631 -1.134934  1.014953  0.621033  1.190260  0.42203541E+04
  293 33.284429 11.006641 12.720786  5.748744 -1.140926  1.015102  0.621067  1.190386  0.42360106E+04
  294 33.284710 11.007214 12.710786  5.744858 -1.146919  1.015246  0.621102  1.190514  0.42517460E+04
  295 33.284986 11.007781 12.700786  5.740973 -1.152912  1.015386  0.621138  1.190645  0.42675608E+04
  296 33.285257 11.008344 12.690786  5.737089 -1.158905  1.015522  0.621174  1.190777  0.42834555E+04
  297 33.285522 11.008902 12.680786  5.733206 -1.164898  1.015655  0.621210  1.190912  0.42994303E+04
  298 33.285783 11.009455 12.670786  5.729324 -1.170892  1.015784  0.621248  1.191048  0.43154857E+04
  299 33.286039 11.010003 12.660786  5.725443 -1.176885  1.015910  0.621286  1.191187  0.43316220E+04
  300 33.286289 11.010547 12.650785  5.721563 -1.182878  1.016032  0.621324  1.191328  0.43478394E+04
  301 33.286535 11.011086 12.640785  5.717684 -1.188871  1.016151  0.621363  1.191472  0.43641382E+04
  302 33.286777 11.011621 12.630785  5.713807 -1.194865  1.016266  0.621403  1.191618  0.43805184E+04
  303 33.287014 11.012151 12.620785  5.709930 -1.200858  1.016379  0.621443  1.191766  0.43969804E+04
  304 33.287246 11.012676 12.610785  5.706055 -1.206852  1.016488  0.621484  1.191916  0.44135241E+04
  305 33.287474 11.013197 12.600785  5.702180 -1.212845  1.016595  0.621526  1.192069  0.44301496E+04
  306 33.287697 11.013713 12.590785  5.698307 -1.218839  1.016698  0.621568  1.192225  0.44468569E+04
  307 33.287916 11.014226 12.580785  5.694435 -1.224833  1.016799  0.621611  1.192383  0.44636461E+04
  308 33.288131 11.014733 12.570785  5.690564 -1.230827  1.016897  0.621655  1.192543  0.44805173E+04
  309 33.288342 11.015237 12.560785  5.686694 -1.236820  1.016992  0.621699  1.192706  0.44974704E+04
  310 33.288549 11.015736 12.550785  5.682825 -1.242815  1.017085  0.621744  1.192872  0.45145056E+04
  311 33.288752 11.016231 12.540785  5.678958 -1.248809  1.017175  0.621790  1.193040  0.45316229E+04
  312 33.288951 11.016722 12.530785  5.675092 -1.254803  1.017263  0.621837  1.193211  0.45488223E+04
  313 33.289146 11.017208 12.520785  5.671227 -1.260797  1.017348  0.621884  1.193385  0.45661038E+04
  314 33.289337 11.017691 12.510785  5.667363 -1.266792  1.017431  0.621932  1.193562  0.45834675E+04
  315 33.289525 11.018169 12.500785  5.663500 -1.272786  1.017512  0.621981  1.193741  0.46009134E+04
  316 33.289709 11.018643 12.490785  5.659639 -1.278781  1.017590  0.622030  1.193924  0.46184418E+04
  317 33.289890 11.019113 12.480785  5.655779 -1.284776  1.017666  0.622081  1.194109  0.46360525E+04
  318 33.290067 11.019579 12.470785  5.651920 -1.290771  1.017740  0.622132  1.194298  0.46537459E+04
  319 33.290240 11.020042 12.460785  5.648063 -1.296766  1.017812  0.622184  1.194489  0.46715221E+04
  320 33.290410 11.020500 12.450784  5.644207 -1.302761  1.017882  0.622237  1.194684  0.46893814E+04
  321 33.290577 11.020954 12.440784  5.640353 -1.308757  1.017951  0.622291  1.194883  0.47073236E+04
  322 33.290741 11.021405 12.430784  5.636500 -1.314753  1.018017  0.622346  1.195084  0.47253489E+04
  323 33.290902 11.021851 12.420784  5.632648 -1.320749  1.018081  0.622402  1.195289  0.47434577E+04
  324 33.291059 11.022294 12.410784  5.628798 -1.326745  1.018144  0.622458  1.195498  0.47616499E+04
  325 33.291213 11.022733 12.400784  5.624949 -1.332741  1.018205  0.622516  1.195710  0.47799259E+04
  326 33.291364 11.023168 12.390784  5.621102 -1.338738  1.018264  0.622574  1.195925  0.47982858E+04
  327 33.291513 11.023600 12.380784  5.617256 -1.344735  1.018321  0.622634  1.196145  0.48167299E+04
  328 33.291658 11.024028 12.370785  5.613412 -1.350732  1.018377  0.622694  1.196368  0.48352583E+04
  329 33.291801 11.024452 12.360785  5.609570 -1.356730  1.018432  0.622756  1.196595  0.48538714E+04
  330 33.291941 11.024873 12.350785  5.605729 -1.362728  1.018485  0.622819  1.196825  0.48725693E+04
  331 33.292078 11.025290 12.340785  5.601889 -1.368726  1.018536  0.622882  1.197060  0.48913522E+04
  332 33.292212 11.025703 12.330785  5.598052 -1.374724  1.018586  0.622947  1.197299  0.49102204E+04
  333 33.292344 11.026113 12.320785  5.594216 -1.380723  1.018635  0.623013  1.197542  0.49291742E+04
  334 33.292473 11.026520 12.310785  5.590382 -1.386722  1.018682  0.623080  1.197790  0.49482138E+04
  335 33.292599 11.026923 12.300785  5.586549 -1.392722  1.018728  0.623148  1.198041  0.49673395E+04
  336 33.292724 11.027322 12.290785  5.582718 -1.398722  1.018772  0.623218  1.198297  0.49865515E+04
  337 33.292845 11.027718 12.280785  5.578890 -1.404722  1.018816  0.623288  1.198558  0.50058501E+04
  338 33.292964 11.028111 12.270785  5.575063 -1.410723  1.018858  0.623360  1.198823  0.50252355E+04
  339 33.293081 11.028501 12.260785  5.571237 -1.416724  1.018899  0.623433  1.199092  0.50447081E+04
  340 33.293196 11.028887 12.250785  5.567414 -1.422726  1.018938  0.623507  1.199367  0.50642682E+04
  341 33.293308 11.029269 12.240785  5.563592 -1.428728  1.018977  0.623583  1.199646  0.50839161E+04
  342 33.293418 11.029649 12.230785  5.559773 -1.434730  1.019015  0.623660  1.199930  0.51036521E+04
  343 33.293526 11.030025 12.220785  5.555955 -1.440734  1.019051  0.623738  1.200219  0.51234765E+04
  344 33.293632 11.030398 12.210785  5.552140 -1.446737  1.019087  0.623817  1.200513  0.51433897E+04
  345 33.293736 11.030768 12.200785  5.548326 -1.452741  1.019121  0.623898  1.200812  0.51633921E+04
  346 33.293837 11.031135 12.190785  5.544515 -1.458746  1.019155  0.623981  1.201116  0.51834840E+04
  347 33.293937 11.031498 12.180785  5.540705 -1.464751  1.019187  0.624064  1.201426  0.52036658E+04
  348 33.294034 11.031859 12.170786  5.536898 -1.470757  1.019219  0.624149  1.201741  0.52239380E+04
  349 33.294130 11.032216 12.160786  5.533093 -1.476763  1.019250  0.624236  1.202061  0.52443011E+04
  350 33.294224 11.032570 12.150786  5.529290 -1.482770  1.019279  0.624324  1.202387  0.52647554E+04
  351 33.294315 11.032922 12.140786  5.525489 -1.488778  1.019308  0.624414  1.202719  0.52853014E+04
  352 33.294405 11.033270 12.130786  5.521690 -1.494786  1.019337  0.624505  1.203056  0.53059398E+04
  353 33.294494 11.033615 12.120786  5.517894 -1.500795  1.019364  0.624597  1.203399  0.53266709E+04
  354 33.294580 11.033958 12.110786  5.514099 -1.506804  1.019391  0.624691  1.203748  0.53474953E+04
  355 33.294665 11.034297 12.100786  5.510307 -1.512814  1.019417  0.624787  1.204103  0.53684135E+04
  356 33.294748 11.034633 12.090786  5.506518 -1.518825  1.019442  0.624884  1.204464  0.53894261E+04
  357 33.294829 11.034967 12.080786  5.502730 -1.524837  1.019466  0.624983  1.204831  0.54105337E+04
  358 33.294909 11.035298 12.070787  5.498945 -1.530849  1.019490  0.625084  1.205204  0.54317369E+04
  359 33.294987 11.035626 12.060787  5.495163 -1.536862  1.019513  0.625186  1.205583  0.54530362E+04
  360 33.295063 11.035951 12.050787  5.491383 -1.542876  1.019535  0.625290  1.205969  0.54744322E+04
  361 33.295138 11.036273 12.040787  5.487605 -1.548890  1.019557  0.625396  1.206361  0.54959254E+04
  362 33.295212 11.036593 12.030787  5.483829 -1.554906  1.019578  0.625503  1.206760  0.55175165E+04
  363 33.295284 11.036909 12.020787  5.480057 -1.560922  1.019599  0.625612  1.207165  0.55392060E+04
  364 33.295354 11.037224 12.010787  5.476286 -1.566939  1.019619  0.625723  1.207577  0.55609944E+04
  365 33.295423 11.037535 12.000788  5.472518 -1.572957  1.019638  0.625835  1.207995  0.55828823E+04
  366 33.295491 11.037844 11.990788  5.468753 -1.578975  1.019657  0.625949  1.208420  0.56048702E+04
  367 33.295557 11.038150 11.980788  5.464990 -1.584995  1.019675  0.626065  1.208852  0.56269585E+04
  368 33.295622 11.038453 11.970788  5.461230 -1.591015  1.019693  0.626183  1.209291  0.56491476E+04
  369 33.295686 11.038754 11.960788  5.457472 -1.597036  1.019710  0.626303  1.209737  0.56714379E+04
  370 33.295748 11.039052 11.950788  5.453717 -1.603058  1.019727  0.626425  1.210190  0.56938299E+04
  371 33.295809 11.039348 11.940788  5.449964 -1.609081  1.019743  0.626548  1.210650  0.57163238E+04
  372 33.295869 11.039641 11.930789  5.446215 -1.615105  1.019759  0.626673  1.211118  0.57389199E+04
  373 33.295928 11.039932 11.920789  5.442468 -1.621130  1.019774  0.626801  1.211592  0.57616184E+04
  374 33.295985 11.040220 11.910789  5.438723 -1.627156  1.019789  0.626930  1.212074  0.57844195E+04
  375 33.296041 11.040506 11.900789  5.434981 -1.633182  1.019804  0.627061  1.212563  0.58073234E+04
  376 33.296096 11.040789 11.890789  5.431242 -1.639210  1.019818  0.627194  1.213060  0.58303300E+04
  377 33.296150 11.041070 11.880790  5.427506 -1.645239  1.019832  0.627329  1.213564  0.58534395E+04
  378 33.296203 11.041348 11.870790  5.423773 -1.651269  1.019845  0.627466  1.214076  0.58766519E+04
  379 33.296255 11.041624 11.860790  5.420042 -1.657299  1.019858  0.627605  1.214595  0.58999671E+04
  380 33.296306 11.041898 11.850790  5.416314 -1.663331  1.019870  0.627746  1.215123  0.59233851E+04
  381 33.296355 11.042169 11.840790  5.412589 -1.669364  1.019882  0.627889  1.215658  0.59469057E+04
  382 33.296404 11.042438 11.830791  5.408867 -1.675398  1.019894  0.628034  1.216201  0.59705288E+04
  383 33.296452 11.042705 11.820791  5.405148 -1.681433  1.019906  0.628181  1.216752  0.59942543E+04
  384 33.296498 11.042969 11.810791  5.401432 -1.687470  1.019917  0.628330  1.217312  0.60180819E+04
  385 33.296544 11.043231 11.800791  5.397719 -1.693507  1.019928  0.628482  1.217879  0.60420117E+04
  386 33.296589 11.043491 11.790791  5.394008 -1.699546  1.019938  0.628635  1.218455  0.60660433E+04
  387 33.296632 11.043749 11.780792  5.390301 -1.705586  1.019948  0.628791  1.219040  0.60901766E+04
  388 33.296675 11.044004 11.770792  5.386597 -1.711627  1.019958  0.628949  1.219632  0.61144116E+04
  389 33.296717 11.044257 11.760792  5.382896 -1.717669  1.019968  0.629109  1.220234  0.61387479E+04
  390 33.296759 11.044508 11.750792  5.379198 -1.723713  1.019977  0.629271  1.220844  0.61631857E+04
  391 33.296799 11.044757 11.740793  5.375504 -1.729758  1.019986  0.629436  1.221463  0.61877247E+04
  392 33.296838 11.045004 11.730793  5.371812 -1.735805  1.019995  0.629603  1.222091  0.62123649E+04
  393 33.296877 11.045249 11.720793  5.368124 -1.741853  1.020004  0.629772  1.222727  0.62371065E+04
  394 33.296915 11.045491 11.710793  5.364439 -1.747902  1.020012  0.629944  1.223373  0.62619494E+04
  395 33.296952 11.045731 11.700794  5.360757 -1.753953  1.020020  0.630118  1.224028  0.62868938E+04
  396 33.296988 11.045970 11.690794  5.357079 -1.760005  1.020028  0.630294  1.224693  0.63119398E+04
  397 33.297024 11.046206 11.680794  5.353404 -1.766059  1.020036  0.630473  1.225367  0.63370877E+04
  398 33.297059 11.046440 11.670794  5.349733 -1.772115  1.020043  0.630654  1.226050  0.63623377E+04
  399 33.297093 11.046673 11.660795  5.346065 -1.778172  1.020050  0.630837  1.226743  0.63876903E+04
  400 33.297126 11.046903 11.650795  5.342401 -1.784231  1.020057  0.631023  1.227445  0.64131459E+04
  401 33.297159 11.047131 11.640795  5.338740 -1.790292  1.020064  0.631212  1.228158  0.64387050E+04
  402 33.297191 11.047358 11.630795  5.335083 -1.796354  1.020070  0.631403  1.228880  0.64643681E+04
  403 33.297222 11.047582 11.620796  5.331429 -1.802418  1.020077  0.631596  1.229612  0.64901358E+04
  404 33.297253 11.047805 11.610796  5.327780 -1.808484  1.020083  0.631792  1.230354  0.65160090E+04
  405 33.297283 11.048025 11.600796  5.324134 -1.814552  1.020089  0.631991  1.231106  0.65419883E+04
  406 33.297312 11.048244 11.590797  5.320491 -1.820622  1.020095  0.632192  1.231869  0.65680746E+04
  407 33.297341 11.048461 11.580797  5.316853 -1.826694  1.020101  0.632396  1.232642  0.65942689E+04
  408 33.297369 11.048676 11.570797  5.313218 -1.832768  1.020106  0.632602  1.233425  0.66205721E+04
  409 33.297397 11.048889 11.560797  5.309587 -1.838844  1.020111  0.632811  1.234218  0.66469853E+04
  410 33.297424 11.049100 11.550798  5.305960 -1.844922  1.020117  0.633023  1.235022  0.66735097E+04
  411 33.297450 11.049309 11.540798  5.302337 -1.851002  1.020122  0.633237  1.235837  0.67001465E+04
  412 33.297476 11.049517 11.530798  5.298718 -1.857084  1.020126  0.633454  1.236662  0.67268969E+04
  413 33.297502 11.049723 11.520799  5.295103 -1.863169  1.020131  0.633673  1.237498  0.67537624E+04
  414 33.297527 11.049927 11.510799  5.291492 -1.869255  1.020136  0.633896  1.238345  0.67807442E+04
  415 33.297551 11.050129 11.500799  5.287886 -1.875344  1.020140  0.634121  1.239202  0.68078441E+04
  416 33.297575 11.050330 11.490800  5.284283 -1.881436  1.020145  0.634348  1.240070  0.68350634E+04
  417 33.297598 11.050529 11.480800  5.280684 -1.887530  1.020149  0.634578  1.240949  0.68624039E+04
  418 33.297621 11.050726 11.470800  5.277089 -1.893626  1.020153  0.634811  1.241839  0.68898673E+04
  419 33.297643 11.050922 11.460800  5.273499 -1.899724  1.020157  0.635047  1.242739  0.69174553E+04
  420 33.297665 11.051116 11.450801  5.269913 -1.905825  1.020161  0.635285  1.243651  0.69451699E+04
  421 33.297686 11.051308 11.440801  5.266331 -1.911929  1.020165  0.635526  1.244573  0.69730130E+04
  422 33.297707 11.051499 11.430801  5.262753 -1.918035  1.020168  0.635770  1.245506  0.70009865E+04
  423 33.297728 11.051687 11.420802  5.259179 -1.924143  1.020172  0.636016  1.246450  0.70290925E+04
  424 33.297748 11.051875 11.410802  5.255610 -1.930255  1.020175  0.636265  1.247405  0.70573333E+04
  425 33.297767 11.052061 11.400802  5.252045 -1.936368  1.020179  0.636516  1.248371  0.70857110E+04
  426 33.297787 11.052245 11.390803  5.248484 -1.942485  1.020182  0.636770  1.249347  0.71142280E+04
  427 33.297805 11.052427 11.380803  5.244927 -1.948604  1.020185  0.637027  1.250334  0.71428866E+04
  428 33.297824 11.052608 11.370803  5.241374 -1.954726  1.020188  0.637286  1.251332  0.71716892E+04
  429 33.297842 11.052788 11.360804  5.237826 -1.960850  1.020191  0.637548  1.252341  0.72006384E+04
  430 33.297859 11.052966 11.350804  5.234282 -1.966978  1.020194  0.637812  1.253360  0.72297995E+04
  431 33.297877 11.053142 11.340804  5.230742 -1.973108  1.020197  0.638079  1.254390  0.72591294E+04
  432 33.297894 11.053317 11.330805  5.227206 -1.979240  1.020199  0.638349  1.255430  0.72886142E+04
  433 33.297910 11.053491 11.320805  5.223675 -1.985376  1.020202  0.638621  1.256481  0.73182565E+04
  434 33.297926 11.053663 11.310806  5.220147 -1.991514  1.020205  0.638895  1.257542  0.73480594E+04
  435 33.297942 11.053833 11.300806  5.216623 -1.997655  1.020207  0.639172  1.258614  0.73780258E+04
  436 33.297958 11.054002 11.290806  5.213104 -2.003798  1.020209  0.639451  1.259696  0.74081588E+04
  437 33.297973 11.054170 11.280807  5.209588 -2.009945  1.020212  0.639733  1.260787  0.74384613E+04
  438 33.297988 11.054336 11.270807  5.206077 -2.016094  1.020214  0.640017  1.261889  0.74689367E+04
  439 33.298002 11.054501 11.260807  5.202569 -2.022246  1.020216  0.640303  1.263001  0.74995881E+04
  440 33.298016 11.054664 11.250808  5.199065 -2.028401  1.020218  0.640591  1.264122  0.75304189E+04
  441 33.298030 11.054826 11.240808  5.195565 -2.034558  1.020220  0.640882  1.265253  0.75614323E+04
  442 33.298044 11.054987 11.230808  5.192069 -2.040718  1.020222  0.641175  1.266393  0.75926319E+04
  443 33.298057 11.055146 11.220809  5.188577 -2.046881  1.020224  0.641470  1.267543  0.76240210E+04
  444 33.298070 11.055304 11.210809  5.185089 -2.053047  1.020226  0.641767  1.268702  0.76556033E+04
  445 33.298083 11.055461 11.200809  5.181604 -2.059215  1.020228  0.642066  1.269869  0.76873822E+04
  446 33.298096 11.055616 11.190810  5.178123 -2.065387  1.020230  0.642367  1.271046  0.77193615E+04
  447 33.298108 11.055770 11.180810  5.174645 -2.071560  1.020232  0.642670  1.272231  0.77515446E+04
  448 33.298120 11.055923 11.170811  5.171172 -2.077737  1.020233  0.642975  1.273425  0.77839354E+04
  449 33.298131 11.056074 11.160811  5.167701 -2.083916  1.020235  0.643281  1.274626  0.78165375E+04
  450 33.298143 11.056224 11.150811  5.164234 -2.090097  1.020237  0.643590  1.275836  0.78493547E+04
  451 33.298154 11.056373 11.140812  5.160770 -2.096281  1.020238  0.643900  1.277054  0.78823906E+04
  452 33.298165 11.056521 11.130812  5.157310 -2.102468  1.020240  0.644212  1.278279  0.79156491E+04
  453 33.298176 11.056667 11.120812  5.153853 -2.108657  1.020241  0.644525  1.279512  0.79491337E+04
  454 33.298186 11.056812 11.110813  5.150399 -2.114848  1.020243  0.644840  1.280752  0.79828484E+04
  455 33.298197 11.056956 11.100813  5.146947 -2.121042  1.020244  0.645156  1.281999  0.80167967E+04
  456 33.298207 11.057099 11.090813  5.143499 -2.127238  1.020245  0.645474  1.283253  0.80509825E+04
  457 33.298216 11.057240 11.080814  5.140054 -2.133436  1.020247  0.645793  1.284514  0.80854092E+04
  458 33.298226 11.057381 11.070814  5.136612 -2.139636  1.020248  0.646114  1.285781  0.81200805E+04
  459 33.298235 11.057520 11.060814  5.133172 -2.145839  1.020249  0.646436  1.287054  0.81550000E+04
  460 33.298245 11.057658 11.050815  5.129735 -2.152043  1.020250  0.646759  1.288332  0.81901711E+04
  461 33.298254 11.057794 11.040815  5.126300 -2.158249  1.020251  0.647083  1.289617  0.82255972E+04
  462 33.298263 11.057930 11.030816  5.122868 -2.164458  1.020252  0.647408  1.290907  0.82612817E+04
  463 33.298271 11.058065 11.020816  5.119438 -2.170668  1.020254  0.647734  1.292202  0.82972278E+04
  464 33.298280 11.058198 11.010816  5.116010 -2.176880  1.020255  0.648061  1.293502  0.83334385E+04
  465 33.298288 11.058330 11.000817  5.112584 -2.183093  1.020256  0.648389  1.294807  0.83699169E+04
  466 33.298296 11.058461 10.990817  5.109161 -2.189308  1.020257  0.648717  1.296117  0.84066658E+04
  467 33.298304 11.058591 10.980817  5.105739 -2.195525  1.020258  0.649047  1.297431  0.84436878E+04
  468 33.298312 11.058720 10.970818  5.102319 -2.201743  1.020258  0.649377  1.298749  0.84809857E+04
  469 33.298319 11.058848 10.960818  5.098900 -2.207962  1.020259  0.649708  1.300071  0.85185617E+04
  470 33.298327 11.058975 10.950818  5.095484 -2.214182  1.020260  0.650039  1.301396  0.85564181E+04
  471 33.298334 11.059101 10.940819  5.092068 -2.220404  1.020261  0.650371  1.302726  0.85945568E+04
  472 33.298341 11.059225 10.930819  5.088654 -2.226626  1.020262  0.650704  1.304058  0.86329797E+04
  473 33.298348 11.059349 10.920819  5.085241 -2.232850  1.020263  0.651036  1.305394  0.86716884E+04
  474 33.298355 11.059471 10.910820  5.081829 -2.239074  1.020264  0.651370  1.306732  0.87106843E+04
  475 33.298361 11.059593 10.900820  5.078419 -2.245299  1.020264  0.651703  1.308074  0.87499683E+04
  476 33.298368 11.059714 10.890821  5.075009 -2.251524  1.020265  0.652037  1.309418  0.87895416E+04
  477 33.298374 11.059833 10.880821  5.071600 -2.257750  1.020266  0.652372  1.310764  0.88294046E+04
  478 33.298380 11.059952 10.870821  5.068191 -2.263976  1.020266  0.652706  1.312113  0.88695578E+04
  479 33.298386 11.060069 10.860822  5.064783 -2.270202  1.020267  0.653041  1.313464  0.89100011E+04
  480 33.298392 11.060186 10.850822  5.061376 -2.276429  1.020268  0.653376  1.314818  0.89507345E+04
  481 33.298398 11.060301 10.840822  5.057969 -2.282655  1.020268  0.653711  1.316173  0.89917573E+04
  482 33.298404 11.060416 10.830823  5.054562 -2.288882  1.020269  0.654046  1.317530  0.90330689E+04
  483 33.298409 11.060529 10.820823  5.051155 -2.295108  1.020270  0.654381  1.318889  0.90746680E+04
  484 33.298415 11.060642 10.810823  5.047748 -2.301334  1.020270  0.654717  1.320250  0.91165533E+04
  485 33.298420 11.060754 10.800824  5.044342 -2.307560  1.020271  0.655052  1.321613  0.91587231E+04
  486 33.298425 11.060865 10.790824  5.040935 -2.313785  1.020271  0.655388  1.322977  0.92011752E+04
  487 33.298431 11.060974 10.780824  5.037528 -2.320010  1.020272  0.655724  1.324343  0.92439074E+04
  488 33.298436 11.061083 10.770825  5.034121 -2.326234  1.020272  0.656060  1.325711  0.92869168E+04
  489 33.298440 11.061191 10.760825  5.030713 -2.332457  1.020273  0.656395  1.327081  0.93302006E+04
  490 33.298445 11.061299 10.750825  5.027305 -2.338679  1.020273  0.656732  1.328453  0.93737553E+04
  491 33.298450 11.061405 10.740826  5.023896 -2.344901  1.020274  0.657068  1.329827  0.94175772E+04
  492 33.298454 11.061510 10.730826  5.020487 -2.351121  1.020274  0.657404  1.331202  0.94616625E+04
  493 33.298459 11.061614 10.720826  5.017077 -2.357340  1.020275  0.657741  1.332580  0.95060068E+04
  494 33.298463 11.061718 10.710827  5.013667 -2.363558  1.020275  0.658077  1.333961  0.95506054E+04
  495 33.298468 11.061821 10.700827  5.010255 -2.369774  1.020276  0.658414  1.335343  0.95954537E+04
  496 33.298472 11.061922 10.690827  5.006844 -2.375990  1.020276  0.658752  1.336729  0.96405462E+04
  497 33.298476 11.062023 10.680828  5.003431 -2.382203  1.020276  0.659089  1.338117  0.96858777E+04
  498 33.298480 11.062123 10.670828  5.000017 -2.388416  1.020277  0.659427  1.339508  0.97314424E+04
  499 33.298484 11.062223 10.660828  4.996603 -2.394627  1.020277  0.659766  1.340903  0.97772343E+04
  500 33.298488 11.062321 10.650829  4.993188 -2.400836  1.020277  0.660105  1.342301  0.98232473E+04
  501 33.298491 11.062419 10.640829  4.989772 -2.407043  1.020278  0.660445  1.343703  0.98694749E+04
  502 33.298495 11.062515 10.630829  4.986355 -2.413249  1.020278  0.660785  1.345109  0.99159104E+04
  503 33.298498 11.062611 10.620830  4.982938 -2.419454  1.020278  0.661126  1.346520  0.99625470E+04
  504 33.298502 11.062706 10.610830  4.979519 -2.425656  1.020279  0.661468  1.347936  0.10009378E+05
  505 33.298505 11.062801 10.600830  4.976100 -2.431857  1.020279  0.661811  1.349357  0.10056395E+05
  506 33.298509 11.062894 10.590830  4.972680 -2.438057  1.020279  0.662155  1.350783  0.10103593E+05
  507 33.298512 11.062987 10.580831  4.969260 -2.444254  1.020280  0.662500  1.352216  0.10150962E+05
  508 33.298515 11.063079 10.570831  4.965839 -2.450450  1.020280  0.662846  1.353655  0.10198496E+05
  509 33.298518 11.063170 10.560831  4.962417 -2.456644  1.020280  0.663193  1.355102  0.10246188E+05
  510 33.298521 11.063260 10.550832  4.958995 -2.462836  1.020280  0.663542  1.356555  0.10294028E+05
  511 33.298524 11.063350 10.540832  4.955572 -2.469027  1.020281  0.663893  1.358017  0.10342011E+05
  512 33.298527 11.063438 10.530832  4.952149 -2.475216  1.020281  0.664245  1.359487  0.10390128E+05
  513 33.298530 11.063526 10.520833  4.948726 -2.481404  1.020281  0.664599  1.360967  0.10438371E+05
  514 33.298533 11.063614 10.510833  4.945303 -2.487590  1.020281  0.664954  1.362456  0.10486733E+05
  515 33.298536 11.063700 10.500833  4.941879 -2.493775  1.020282  0.665312  1.363955  0.10535207E+05
  516 33.298538 11.063786 10.490834  4.938456 -2.499958  1.020282  0.665672  1.365465  0.10583784E+05
  517 33.298541 11.063871 10.480834  4.935033 -2.506140  1.020282  0.666035  1.366986  0.10632458E+05
  518 33.298544 11.063955 10.470834  4.931610 -2.512321  1.020282  0.666399  1.368520  0.10681220E+05
  519 33.298546 11.064039 10.460835  4.928188 -2.518501  1.020283  0.666767  1.370066  0.10730064E+05
  520 33.298549 11.064122 10.450835  4.924767 -2.524680  1.020283  0.667137  1.371625  0.10778984E+05
  521 33.298551 11.064204 10.440835  4.921346 -2.530858  1.020283  0.667510  1.373198  0.10827971E+05
  522 33.298553 11.064286 10.430836  4.917926 -2.537035  1.020283  0.667886  1.374786  0.10877019E+05
  523 33.298556 11.064366 10.420836  4.914507 -2.543211  1.020283  0.668265  1.376390  0.10926122E+05
  524 33.298558 11.064447 10.410836  4.911089 -2.549387  1.020283  0.668648  1.378009  0.10975273E+05
  525 33.298560 11.064526 10.400837  4.907673 -2.555563  1.020284  0.669034  1.379645  0.11024467E+05
  526 33.298562 11.064605 10.390837  4.904258 -2.561738  1.020284  0.669424  1.381299  0.11073697E+05
  527 33.298564 11.064683 10.380837  4.900845 -2.567914  1.020284  0.669817  1.382970  0.11122958E+05
  528 33.298566 11.064760 10.370838  4.897434 -2.574089  1.020284  0.670215  1.384661  0.11172244E+05
  529 33.298568 11.064837 10.360838  4.894026 -2.580265  1.020284  0.670616  1.386371  0.11221550E+05
  530 33.298570 11.064913 10.350838  4.890619 -2.586441  1.020284  0.671022  1.388102  0.11270872E+05
  531 33.298572 11.064988 10.340839  4.887215 -2.592617  1.020285  0.671432  1.389853  0.11320204E+05
  532 33.298574 11.065063 10.330839  4.883814 -2.598795  1.020285  0.671847  1.391627  0.11369543E+05
  533 33.298576 11.065127 10.322218  4.880884 -2.604121  1.020285  0.672209  1.393174  0.11412080E+05
