# DMESTAR Mass Track Snapshot
#
# Model Number:    150  Age (Myr):      0.222
#  Mass (Msun):  1.000 Fe/H (dex):   0.05
#
#---------
   16   75
    1 28.361093  9.637216 13.139451  6.186047 -1.172643  0.000716  0.618396  1.180621  0.31756529E+04
    2 28.411093  9.653883 13.139421  6.186035 -1.172661  0.000804  0.618396  1.180621  0.32166954E+04
    3 28.461093  9.670550 13.139389  6.186023 -1.172680  0.000902  0.618396  1.180621  0.32582245E+04
    4 28.511093  9.687219 13.139354  6.186009 -1.172701  0.001012  0.618396  1.180621  0.33002483E+04
    5 28.561093  9.703887 13.139316  6.185994 -1.172724  0.001135  0.618396  1.180621  0.33427742E+04
    6 28.611093  9.720557 13.139276  6.185978 -1.172748  0.001274  0.618396  1.180621  0.33858097E+04
    7 28.661093  9.737227 13.139232  6.185960 -1.172774  0.001429  0.618396  1.180621  0.34293617E+04
    8 28.711093  9.753898 13.139185  6.185941 -1.172803  0.001603  0.618396  1.180621  0.34734370E+04
    9 28.761093  9.770569 13.139133  6.185921 -1.172833  0.001798  0.618396  1.180621  0.35180422E+04
   10 28.811093  9.787241 13.139078  6.185899 -1.172866  0.002017  0.618396  1.180622  0.35631836E+04
   11 28.861093  9.803914 13.139019  6.185876 -1.172902  0.002263  0.618396  1.180622  0.36088671E+04
   12 28.911093  9.820587 13.138954  6.185850 -1.172941  0.002539  0.618396  1.180622  0.36550986E+04
   13 28.961093  9.837261 13.138885  6.185822 -1.172983  0.002848  0.618396  1.180622  0.37018836E+04
   14 29.011093  9.853936 13.138810  6.185793 -1.173028  0.003194  0.618396  1.180622  0.37492272E+04
   15 29.061093  9.870612 13.138729  6.185760 -1.173076  0.003582  0.618396  1.180622  0.37971343E+04
   16 29.111093  9.887288 13.138641  6.185726 -1.173129  0.004018  0.618396  1.180622  0.38456095E+04
   17 29.161093  9.903966 13.138547  6.185688 -1.173186  0.004506  0.618396  1.180622  0.38946570E+04
   18 29.211093  9.920644 13.138445  6.185648 -1.173247  0.005054  0.618396  1.180622  0.39442808E+04
   19 29.261093  9.937324 13.138334  6.185604 -1.173313  0.005667  0.618396  1.180622  0.39944842E+04
   20 29.311093  9.954004 13.138215  6.185557 -1.173385  0.006355  0.618396  1.180622  0.40452702E+04
   21 29.361093  9.970686 13.138087  6.185506 -1.173462  0.007126  0.618396  1.180622  0.40966415E+04
   22 29.411093  9.987369 13.137948  6.185451 -1.173545  0.007990  0.618396  1.180622  0.41486000E+04
   23 29.461093 10.004053 13.137798  6.185391 -1.173635  0.008959  0.618396  1.180622  0.42011473E+04
   24 29.511093 10.020739 13.137636  6.185327 -1.173732  0.010044  0.618396  1.180622  0.42542841E+04
   25 29.561093 10.037426 13.137461  6.185257 -1.173837  0.011260  0.618396  1.180622  0.43080107E+04
   26 29.611093 10.054116 13.137272  6.185182 -1.173951  0.012622  0.618396  1.180622  0.43623264E+04
   27 29.661093 10.070807 13.137068  6.185101 -1.174073  0.014147  0.618396  1.180622  0.44172299E+04
   28 29.711093 10.087500 13.136848  6.185014 -1.174205  0.015856  0.618396  1.180622  0.44727190E+04
   29 29.761093 10.104195 13.136610  6.184919 -1.174348  0.017769  0.618396  1.180622  0.45287904E+04
   30 29.811093 10.120892 13.136353  6.184817 -1.174503  0.019912  0.618396  1.180622  0.45854399E+04
   31 29.861093 10.137592 13.136075  6.184707 -1.174669  0.022310  0.618396  1.180622  0.46426619E+04
   32 29.911093 10.154294 13.135775  6.184588 -1.174849  0.024995  0.618396  1.180623  0.47004498E+04
   33 29.961093 10.171000 13.135451  6.184459 -1.175044  0.027999  0.618396  1.180623  0.47587955E+04
   34 30.011093 10.187708 13.135101  6.184321 -1.175254  0.031360  0.618396  1.180623  0.48176894E+04
   35 30.061093 10.204420 13.134723  6.184171 -1.175481  0.035120  0.618396  1.180623  0.48771202E+04
   36 30.111093 10.221136 13.134315  6.184008 -1.175726  0.039324  0.618396  1.180623  0.49370749E+04
   37 30.161093 10.237855 13.133874  6.183833 -1.175991  0.044025  0.618396  1.180623  0.49975385E+04
   38 30.211093 10.254579 13.133397  6.183644 -1.176277  0.049279  0.618396  1.180623  0.50584938E+04
   39 30.261093 10.271308 13.132882  6.183440 -1.176586  0.055149  0.618396  1.180623  0.51199213E+04
   40 30.311093 10.288041 13.132326  6.183219 -1.176920  0.061706  0.618396  1.180624  0.51817992E+04
   41 30.361093 10.304780 13.131725  6.182980 -1.177281  0.069028  0.618397  1.180624  0.52441026E+04
   42 30.411093 10.321524 13.131075  6.182722 -1.177671  0.077200  0.618397  1.180624  0.53068040E+04
   43 30.461093 10.338275 13.130373  6.182444 -1.178092  0.086317  0.618397  1.180624  0.53698725E+04
   44 30.511093 10.355033 13.129614  6.182142 -1.178547  0.096484  0.618397  1.180624  0.54332738E+04
   45 30.561093 10.371797 13.128794  6.181817 -1.179040  0.107817  0.618397  1.180625  0.54969699E+04
   46 30.611093 10.388570 13.127908  6.181465 -1.179572  0.120442  0.618397  1.180625  0.55609187E+04
   47 30.661093 10.405352 13.126950  6.181085 -1.180147  0.134499  0.618397  1.180625  0.56250739E+04
   48 30.711093 10.422142 13.125914  6.180674 -1.180768  0.150141  0.618397  1.180626  0.56893844E+04
   49 30.761093 10.438943 13.124794  6.180229 -1.181441  0.167536  0.618397  1.180626  0.57537945E+04
   50 30.811093 10.455755 13.123584  6.179748 -1.182167  0.186865  0.618397  1.180626  0.58182429E+04
   51 30.861093 10.472578 13.122274  6.179229 -1.182953  0.208328  0.618397  1.180627  0.58826627E+04
   52 30.911093 10.489414 13.120858  6.178666 -1.183803  0.232140  0.618397  1.180627  0.59469813E+04
   53 30.961093 10.506264 13.119326  6.178058 -1.184723  0.258537  0.618398  1.180628  0.60111195E+04
   54 31.011093 10.523129 13.117669  6.177400 -1.185718  0.287768  0.618398  1.180628  0.60749918E+04
   55 31.061093 10.540010 13.115875  6.176689 -1.186794  0.320108  0.618398  1.180629  0.61385056E+04
   56 31.111093 10.556909 13.113935  6.175918 -1.187959  0.355846  0.618398  1.180630  0.62015612E+04
   57 31.161093 10.573826 13.111834  6.175084 -1.189220  0.395292  0.618398  1.180630  0.62640514E+04
   58 31.211093 10.590765 13.109560  6.174182 -1.190585  0.438776  0.618398  1.180631  0.63258615E+04
   59 31.261093 10.607725 13.107098  6.173204 -1.192063  0.486646  0.618399  1.180632  0.63868690E+04
   60 31.311093 10.624710 13.104430  6.172145 -1.193664  0.539266  0.618399  1.180633  0.64469440E+04
   61 31.361093 10.641722 13.101541  6.170998 -1.195398  0.597016  0.618399  1.180634  0.65059489E+04
   62 31.411093 10.658761 13.098409  6.169755 -1.197278  0.660290  0.618399  1.180635  0.65637388E+04
   63 31.461093 10.675832 13.095015  6.168407 -1.199316  0.729490  0.618400  1.180636  0.66201624E+04
   64 31.511093 10.692937 13.091333  6.166946 -1.201525  0.805026  0.618400  1.180637  0.66750621E+04
   65 31.561093 10.710079 13.087340  6.165361 -1.203922  0.887306  0.618401  1.180638  0.67282759E+04
   66 31.611093 10.727261 13.083006  6.163640 -1.206523  0.976737  0.618401  1.180640  0.67796379E+04
   67 31.661093 10.744486 13.078301  6.161772 -1.209347  1.073713  0.618401  1.180642  0.68289811E+04
   68 31.711093 10.761759 13.073191  6.159744 -1.212415  1.178610  0.618402  1.180643  0.68761394E+04
   69 31.761093 10.779084 13.067636  6.157539 -1.215748  1.291780  0.618402  1.180645  0.69209507E+04
   70 31.811093 10.796465 13.061597  6.155141 -1.219373  1.413540  0.618403  1.180647  0.69632607E+04
   71 31.861093 10.813909 13.055025  6.152532 -1.223317  1.544166  0.618404  1.180650  0.70029280E+04
   72 31.911093 10.831421 13.047870  6.149692 -1.227612  1.683885  0.618404  1.180653  0.70398291E+04
   73 31.961093 10.849007 13.040073  6.146596 -1.232291  1.832872  0.618405  1.180655  0.70738660E+04
   74 32.011093 10.866674 13.031570  6.143221 -1.237395  1.991243  0.618406  1.180659  0.71049736E+04
   75 32.061093 10.884431 13.022288  6.139536 -1.242965  2.159054  0.618407  1.180662  0.71331297E+04
   76 32.110424 10.902048 13.012288  6.135566 -1.248966  2.333876  0.618408  1.180666  0.71580465E+04
   77 32.155746 10.918325 13.002288  6.131596 -1.254968  2.502565  0.618409  1.180670  0.71785104E+04
   78 32.197622 10.933452 12.992288  6.127627 -1.260969  2.665257  0.618410  1.180674  0.71954639E+04
   79 32.236504 10.947579 12.982288  6.123657 -1.266970  2.822150  0.618411  1.180678  0.72096563E+04
   80 32.272761 10.960827 12.972288  6.119687 -1.272971  2.973486  0.618413  1.180683  0.72216885E+04
   81 32.306698 10.973300 12.962288  6.115717 -1.278972  3.119529  0.618414  1.180687  0.72320464E+04
   82 32.338569 10.985082 12.952288  6.111747 -1.284973  3.260557  0.618415  1.180691  0.72411251E+04
   83 32.368588 10.996245 12.942288  6.107778 -1.290974  3.396851  0.618416  1.180696  0.72492468E+04
   84 32.396941 11.006849 12.932288  6.103808 -1.296974  3.528688  0.618418  1.180700  0.72566753E+04
   85 32.423782 11.016947 12.922288  6.099838 -1.302975  3.656337  0.618419  1.180705  0.72636272E+04
   86 32.449250 11.026585 12.912288  6.095869 -1.308975  3.780058  0.618420  1.180710  0.72702899E+04
   87 32.473461 11.035801 12.902288  6.091899 -1.314975  3.900094  0.618421  1.180715  0.72767969E+04
   88 32.496521 11.044631 12.892288  6.087929 -1.320976  4.016677  0.618423  1.180720  0.72832662E+04
   89 32.518521 11.053106 12.882288  6.083960 -1.326976  4.130022  0.618424  1.180725  0.72897937E+04
   90 32.539541 11.061251 12.872288  6.079990 -1.332976  4.240328  0.618426  1.180730  0.72964569E+04
   91 32.559654 11.069091 12.862288  6.076021 -1.338976  4.347780  0.618427  1.180735  0.73033178E+04
   92 32.578925 11.076648 12.852288  6.072051 -1.344976  4.452550  0.618428  1.180740  0.73104258E+04
   93 32.597411 11.083941 12.842288  6.068082 -1.350976  4.554791  0.618430  1.180746  0.73178193E+04
   94 32.615165 11.090987 12.832288  6.064113 -1.356975  4.654648  0.618432  1.180751  0.73255278E+04
   95 32.632233 11.097802 12.822288  6.060143 -1.362975  4.752250  0.618433  1.180757  0.73335734E+04
   96 32.648660 11.104401 12.812288  6.056174 -1.368974  4.847715  0.618435  1.180763  0.73419718E+04
   97 32.664482 11.110795 12.802288  6.052205 -1.374974  4.941151  0.618436  1.180769  0.73507338E+04
   98 32.679736 11.116998 12.792288  6.048236 -1.380973  5.032654  0.618438  1.180775  0.73598657E+04
   99 32.694455 11.123020 12.782288  6.044267 -1.386973  5.122314  0.618440  1.180781  0.73693703E+04
  100 32.708668 11.128870 12.772288  6.040298 -1.392972  5.210210  0.618441  1.180787  0.73792477E+04
  101 32.722403 11.134558 12.762288  6.036329 -1.398971  5.296414  0.618443  1.180793  0.73894954E+04
  102 32.735685 11.140093 12.752288  6.032360 -1.404970  5.380990  0.618445  1.180800  0.74001092E+04
  103 32.748537 11.145481 12.742288  6.028392 -1.410969  5.463999  0.618447  1.180806  0.74110836E+04
  104 32.760980 11.150731 12.732288  6.024423 -1.416968  5.545493  0.618448  1.180813  0.74224116E+04
  105 32.773036 11.155849 12.722288  6.020455 -1.422967  5.625520  0.618450  1.180820  0.74340856E+04
  106 32.784722 11.160841 12.712289  6.016486 -1.428965  5.704125  0.618452  1.180827  0.74460972E+04
  107 32.796056 11.165713 12.702289  6.012518 -1.434964  5.781346  0.618454  1.180834  0.74584376E+04
  108 32.807054 11.170470 12.692289  6.008550 -1.440962  5.857220  0.618456  1.180841  0.74710977E+04
  109 32.817730 11.175117 12.682289  6.004581 -1.446961  5.931780  0.618458  1.180849  0.74840683E+04
  110 32.828100 11.179660 12.672289  6.000613 -1.452959  6.005454  0.618460  1.180856  0.74975079E+04
  111 32.838176 11.184098 12.662289  5.996653 -1.458436  6.078427  0.619282  1.183854  0.74999713E+04
  112 32.847970 11.188438 12.652290  5.992699 -1.464443  6.150324  0.619290  1.183884  0.75144195E+04
  113 32.857494 11.192685 12.642290  5.988744 -1.470451  6.220995  0.619298  1.183913  0.75291304E+04
  114 32.866759 11.196844 12.632291  5.984790 -1.476458  6.290464  0.619306  1.183942  0.75440964E+04
  115 32.875775 11.200917 12.622291  5.980836 -1.482465  6.358749  0.619314  1.183972  0.75593099E+04
  116 32.884553 11.204907 12.612292  5.976882 -1.488471  6.425871  0.619322  1.184001  0.75747636E+04
  117 32.893100 11.208819 12.602292  5.972928 -1.494478  6.491847  0.619330  1.184030  0.75904500E+04
  118 32.901427 11.212654 12.592292  5.968974 -1.500484  6.556694  0.619338  1.184059  0.76063621E+04
  119 32.909540 11.216416 12.582293  5.965020 -1.506491  6.620429  0.619346  1.184088  0.76224927E+04
  120 32.917449 11.220106 12.572293  5.961065 -1.512497  6.683067  0.619354  1.184117  0.76388350E+04
  121 32.925160 11.223729 12.562294  5.957111 -1.518502  6.744623  0.619361  1.184146  0.76553822E+04
  122 32.932681 11.227284 12.552294  5.953157 -1.524508  6.805112  0.619369  1.184175  0.76721279E+04
  123 32.940017 11.230776 12.542294  5.949203 -1.530514  6.864547  0.619377  1.184203  0.76890675E+04
  124 32.947175 11.234206 12.532295  5.945248 -1.536519  6.922943  0.619385  1.184232  0.77061999E+04
  125 32.954162 11.237576 12.522295  5.941294 -1.542524  6.980312  0.619393  1.184261  0.77235120E+04
  126 32.960983 11.240887 12.512295  5.937339 -1.548529  7.036668  0.619401  1.184289  0.77409980E+04
  127 32.967643 11.244142 12.502296  5.933385 -1.554534  7.092023  0.619408  1.184318  0.77586527E+04
  128 32.974148 11.247343 12.492296  5.929430 -1.560538  7.146391  0.619416  1.184346  0.77764711E+04
  129 32.980503 11.250491 12.482297  5.925476 -1.566543  7.199783  0.619424  1.184375  0.77944486E+04
  130 32.986712 11.253587 12.472297  5.921522 -1.572547  7.252213  0.619432  1.184403  0.78125809E+04
  131 32.992779 11.256633 12.462297  5.917567 -1.578551  7.303692  0.619440  1.184431  0.78308642E+04
  132 32.998710 11.259631 12.452297  5.913613 -1.584555  7.354233  0.619447  1.184460  0.78492949E+04
  133 33.004508 11.262582 12.442298  5.909659 -1.590559  7.403848  0.619455  1.184489  0.78678700E+04
  134 33.010177 11.265486 12.432298  5.905704 -1.596562  7.452549  0.619463  1.184517  0.78865864E+04
  135 33.015721 11.268346 12.422298  5.901750 -1.602566  7.500349  0.619471  1.184546  0.79054418E+04
  136 33.021144 11.271163 12.412299  5.897796 -1.608569  7.547258  0.619479  1.184575  0.79244323E+04
  137 33.026449 11.273938 12.402299  5.893842 -1.614573  7.593290  0.619487  1.184604  0.79435566E+04
  138 33.031639 11.276671 12.392299  5.889889 -1.620576  7.638456  0.619495  1.184633  0.79628142E+04
  139 33.036718 11.279364 12.382300  5.885935 -1.626579  7.682768  0.619503  1.184663  0.79822039E+04
  140 33.041689 11.282019 12.372300  5.881982 -1.632582  7.726239  0.619511  1.184692  0.80017246E+04
  141 33.046555 11.284635 12.362300  5.878028 -1.638585  7.768879  0.619519  1.184722  0.80213754E+04
  142 33.051318 11.287214 12.352300  5.874075 -1.644588  7.810701  0.619527  1.184753  0.80411556E+04
  143 33.055981 11.289756 12.342301  5.870122 -1.650591  7.851717  0.619536  1.184783  0.80610648E+04
  144 33.060548 11.292264 12.332301  5.866170 -1.656594  7.891938  0.619544  1.184814  0.80811028E+04
  145 33.065020 11.294736 12.322301  5.862217 -1.662597  7.931376  0.619553  1.184845  0.81012695E+04
  146 33.069400 11.297175 12.312301  5.858265 -1.668600  7.970042  0.619561  1.184877  0.81215650E+04
  147 33.073691 11.299581 12.302302  5.854313 -1.674602  8.007949  0.619570  1.184908  0.81419897E+04
  148 33.077894 11.301955 12.292302  5.850361 -1.680605  8.045108  0.619579  1.184941  0.81625438E+04
  149 33.082012 11.304298 12.282302  5.846410 -1.686608  8.081530  0.619588  1.184973  0.81832284E+04
  150 33.086046 11.306609 12.272302  5.842459 -1.692611  8.117227  0.619597  1.185006  0.82040436E+04
  151 33.090000 11.308891 12.262303  5.838508 -1.698613  8.152211  0.619606  1.185039  0.82249903E+04
  152 33.093875 11.311143 12.252303  5.834557 -1.704616  8.186492  0.619615  1.185073  0.82460692E+04
  153 33.097673 11.313366 12.242303  5.830607 -1.710619  8.220081  0.619624  1.185107  0.82672812E+04
  154 33.101396 11.315561 12.232303  5.826657 -1.716621  8.252991  0.619634  1.185142  0.82886271E+04
  155 33.105046 11.317728 12.222303  5.822707 -1.722624  8.285232  0.619643  1.185176  0.83101079E+04
  156 33.108623 11.319868 12.212304  5.818757 -1.728627  8.316814  0.619653  1.185212  0.83317243E+04
  157 33.112131 11.321982 12.202304  5.814808 -1.734629  8.347750  0.619663  1.185247  0.83534772E+04
  158 33.115570 11.324070 12.192304  5.810859 -1.740632  8.378049  0.619673  1.185283  0.83753674E+04
  159 33.118943 11.326132 12.182304  5.806910 -1.746634  8.407723  0.619682  1.185319  0.83973954E+04
  160 33.122251 11.328170 12.172305  5.802962 -1.752637  8.436782  0.619692  1.185356  0.84195618E+04
  161 33.125494 11.330182 12.162305  5.799014 -1.758639  8.465237  0.619703  1.185393  0.84418669E+04
  162 33.128676 11.332171 12.152305  5.795066 -1.764641  8.493098  0.619713  1.185430  0.84643105E+04
  163 33.131796 11.334137 12.142305  5.791118 -1.770644  8.520375  0.619723  1.185468  0.84868936E+04
  164 33.134857 11.336079 12.132305  5.787170 -1.776646  8.547080  0.619734  1.185506  0.85096166E+04
  165 33.137860 11.337998 12.122306  5.783223 -1.782648  8.573220  0.619744  1.185545  0.85324793E+04
  166 33.140806 11.339896 12.112306  5.779276 -1.788650  8.598808  0.619755  1.185583  0.85554818E+04
  167 33.143696 11.341771 12.102306  5.775329 -1.794652  8.623852  0.619765  1.185622  0.85786241E+04
  168 33.146532 11.343625 12.092306  5.771383 -1.800654  8.648363  0.619776  1.185662  0.86019060E+04
  169 33.149314 11.345458 12.082306  5.767436 -1.806656  8.672350  0.619787  1.185701  0.86253273E+04
  170 33.152044 11.347271 12.072306  5.763490 -1.812657  8.695823  0.619798  1.185742  0.86488878E+04
  171 33.154723 11.349063 12.062307  5.759544 -1.818659  8.718790  0.619809  1.185782  0.86725874E+04
  172 33.157352 11.350834 12.052307  5.755599 -1.824660  8.741262  0.619820  1.185823  0.86964257E+04
  173 33.159933 11.352587 12.042307  5.751653 -1.830662  8.763248  0.619831  1.185864  0.87204027E+04
  174 33.162465 11.354320 12.032307  5.747708 -1.836663  8.784757  0.619843  1.185906  0.87445180E+04
  175 33.164950 11.356034 12.022307  5.743763 -1.842664  8.805797  0.619854  1.185948  0.87687716E+04
  176 33.167389 11.357729 12.012308  5.739818 -1.848665  8.826378  0.619866  1.185990  0.87931634E+04
  177 33.169784 11.359406 12.002308  5.735874 -1.854666  8.846508  0.619878  1.186033  0.88176934E+04
  178 33.172134 11.361065 11.992308  5.731930 -1.860667  8.866196  0.619889  1.186077  0.88423617E+04
  179 33.174441 11.362706 11.982308  5.727986 -1.866668  8.885451  0.619901  1.186121  0.88671682E+04
  180 33.176706 11.364330 11.972308  5.724042 -1.872669  8.904280  0.619914  1.186165  0.88921130E+04
  181 33.178929 11.365936 11.962308  5.720099 -1.878670  8.922692  0.619926  1.186210  0.89171963E+04
  182 33.181112 11.367526 11.952309  5.716156 -1.884671  8.940695  0.619938  1.186256  0.89424183E+04
  183 33.183255 11.369099 11.942309  5.712214 -1.890671  8.958297  0.619951  1.186302  0.89677792E+04
  184 33.185358 11.370655 11.932309  5.708272 -1.896672  8.975506  0.619964  1.186349  0.89932794E+04
  185 33.187424 11.372195 11.922309  5.704330 -1.902673  8.992330  0.619977  1.186397  0.90189192E+04
  186 33.189452 11.373720 11.912309  5.700389 -1.908673  9.008777  0.619990  1.186445  0.90446990E+04
  187 33.191443 11.375228 11.902309  5.696448 -1.914674  9.024853  0.620004  1.186495  0.90706189E+04
  188 33.193398 11.376722 11.892310  5.692508 -1.920674  9.040567  0.620017  1.186545  0.90966801E+04
  189 33.195317 11.378200 11.882310  5.688568 -1.926675  9.055925  0.620031  1.186596  0.91228836E+04
  190 33.197202 11.379663 11.872310  5.684628 -1.932676  9.070935  0.620045  1.186647  0.91492299E+04
  191 33.199053 11.381111 11.862310  5.680689 -1.938676  9.085604  0.620060  1.186700  0.91757202E+04
  192 33.200871 11.382544 11.852310  5.676751 -1.944677  9.099938  0.620074  1.186754  0.92023553E+04
  193 33.202656 11.383964 11.842310  5.672813 -1.950678  9.113946  0.620089  1.186808  0.92291367E+04
  194 33.204408 11.385369 11.832311  5.668876 -1.956679  9.127632  0.620104  1.186864  0.92560655E+04
  195 33.206129 11.386760 11.822311  5.664939 -1.962680  9.141005  0.620120  1.186921  0.92831433E+04
  196 33.207820 11.388137 11.812311  5.661003 -1.968681  9.154070  0.620136  1.186979  0.93103716E+04
  197 33.209479 11.389501 11.802311  5.657067 -1.974682  9.166834  0.620152  1.187038  0.93377521E+04
  198 33.211110 11.390851 11.792311  5.653132 -1.980683  9.179303  0.620168  1.187098  0.93652866E+04
  199 33.212710 11.392188 11.782311  5.649198 -1.986685  9.191483  0.620185  1.187159  0.93929772E+04
  200 33.214283 11.393513 11.772312  5.645264 -1.992686  9.203380  0.620202  1.187221  0.94208264E+04
  201 33.215827 11.394824 11.762312  5.641331 -1.998688  9.215001  0.620219  1.187285  0.94488355E+04
  202 33.217343 11.396122 11.752312  5.637399 -2.004689  9.226351  0.620237  1.187350  0.94770064E+04
  203 33.218832 11.397408 11.742312  5.633467 -2.010691  9.237436  0.620255  1.187416  0.95053413E+04
  204 33.220295 11.398682 11.732312  5.629536 -2.016693  9.248261  0.620274  1.187484  0.95338420E+04
  205 33.221732 11.399944 11.722312  5.625606 -2.022695  9.258833  0.620292  1.187553  0.95625106E+04
  206 33.223143 11.401193 11.712313  5.621676 -2.028698  9.269156  0.620312  1.187623  0.95913488E+04
  207 33.224528 11.402431 11.702313  5.617748 -2.034700  9.279235  0.620331  1.187694  0.96203583E+04
  208 33.225889 11.403657 11.692313  5.613819 -2.040702  9.289077  0.620351  1.187767  0.96495407E+04
  209 33.227226 11.404871 11.682313  5.609892 -2.046705  9.298686  0.620371  1.187841  0.96788971E+04
  210 33.228539 11.406074 11.672313  5.605965 -2.052708  9.308067  0.620392  1.187916  0.97084288E+04
  211 33.229828 11.407265 11.662313  5.602039 -2.058711  9.317225  0.620413  1.187993  0.97381364E+04
  212 33.231095 11.408445 11.652314  5.598114 -2.064714  9.326166  0.620434  1.188071  0.97680207E+04
  213 33.232339 11.409615 11.642314  5.594189 -2.070717  9.334893  0.620456  1.188150  0.97980820E+04
  214 33.233560 11.410773 11.632314  5.590265 -2.076720  9.343412  0.620478  1.188231  0.98283203E+04
  215 33.234760 11.411921 11.622314  5.586342 -2.082723  9.351727  0.620500  1.188313  0.98587356E+04
  216 33.235939 11.413058 11.612314  5.582419 -2.088727  9.359842  0.620523  1.188397  0.98893275E+04
  217 33.237096 11.414184 11.602314  5.578497 -2.094730  9.367762  0.620546  1.188482  0.99200958E+04
  218 33.238233 11.415300 11.592315  5.574576 -2.100734  9.375492  0.620570  1.188569  0.99510397E+04
  219 33.239350 11.416406 11.582315  5.570656 -2.106738  9.383035  0.620594  1.188657  0.99821587E+04
  220 33.240447 11.417502 11.572315  5.566736 -2.112742  9.390396  0.620618  1.188746  0.10013452E+05
  221 33.241524 11.418587 11.562315  5.562817 -2.118746  9.397579  0.620643  1.188837  0.10044919E+05
  222 33.242582 11.419663 11.552315  5.558899 -2.124750  9.404588  0.620668  1.188930  0.10076560E+05
  223 33.243621 11.420729 11.542315  5.554982 -2.130754  9.411426  0.620694  1.189024  0.10108372E+05
  224 33.244642 11.421785 11.532315  5.551066 -2.136759  9.418098  0.620720  1.189120  0.10140357E+05
  225 33.245644 11.422832 11.522316  5.547150 -2.142763  9.424607  0.620747  1.189218  0.10172513E+05
  226 33.246629 11.423869 11.512316  5.543235 -2.148768  9.430957  0.620774  1.189317  0.10204840E+05
  227 33.247596 11.424897 11.502316  5.539321 -2.154773  9.437152  0.620801  1.189419  0.10237338E+05
  228 33.248546 11.425916 11.492316  5.535408 -2.160778  9.443195  0.620829  1.189522  0.10270007E+05
  229 33.249478 11.426925 11.482316  5.531496 -2.166783  9.449089  0.620858  1.189627  0.10302846E+05
  230 33.250394 11.427926 11.472316  5.527585 -2.172789  9.454838  0.620887  1.189734  0.10335855E+05
  231 33.251294 11.428917 11.462317  5.523675 -2.178795  9.460446  0.620917  1.189844  0.10369036E+05
  232 33.252178 11.429900 11.452317  5.519766 -2.184801  9.465916  0.620947  1.189955  0.10402387E+05
  233 33.253045 11.430874 11.442317  5.515858 -2.190807  9.471250  0.620978  1.190069  0.10435909E+05
  234 33.253898 11.431839 11.432317  5.511951 -2.196814  9.476452  0.621010  1.190184  0.10469603E+05
  235 33.254735 11.432795 11.422317  5.508045 -2.202821  9.481525  0.621042  1.190302  0.10503468E+05
  236 33.255557 11.433743 11.412317  5.504140 -2.208829  9.486472  0.621075  1.190423  0.10537505E+05
  237 33.256364 11.434683 11.402318  5.500237 -2.214836  9.491296  0.621108  1.190546  0.10571714E+05
  238 33.257157 11.435614 11.392318  5.496334 -2.220844  9.496000  0.621143  1.190672  0.10606096E+05
  239 33.257936 11.436538 11.382318  5.492433 -2.226853  9.500586  0.621177  1.190800  0.10640650E+05
  240 33.258700 11.437453 11.372318  5.488533 -2.232862  9.505058  0.621213  1.190931  0.10675377E+05
  241 33.259451 11.438360 11.362318  5.484635 -2.238871  9.509418  0.621249  1.191064  0.10710278E+05
  242 33.260188 11.439259 11.352318  5.480737 -2.244881  9.513668  0.621287  1.191201  0.10745351E+05
  243 33.260913 11.440150 11.342319  5.476842 -2.250891  9.517812  0.621324  1.191340  0.10780599E+05
  244 33.261624 11.441033 11.332319  5.472947 -2.256901  9.521851  0.621363  1.191482  0.10816019E+05
  245 33.262322 11.441909 11.322319  5.469054 -2.262913  9.525789  0.621403  1.191628  0.10851614E+05
  246 33.263008 11.442776 11.312319  5.465163 -2.268924  9.529627  0.621443  1.191777  0.10887382E+05
  247 33.263681 11.443637 11.302319  5.461273 -2.274937  9.533369  0.621485  1.191929  0.10923325E+05
  248 33.264342 11.444490 11.292320  5.457384 -2.280950  9.537015  0.621527  1.192084  0.10959440E+05
  249 33.264991 11.445335 11.282320  5.453497 -2.286963  9.540570  0.621570  1.192243  0.10995730E+05
  250 33.265629 11.446173 11.272320  5.449612 -2.292977  9.544034  0.621614  1.192405  0.11032193E+05
  251 33.266255 11.447004 11.262320  5.445728 -2.298992  9.547410  0.621659  1.192571  0.11068830E+05
  252 33.266870 11.447828 11.252320  5.441847 -2.305007  9.550700  0.621705  1.192740  0.11105640E+05
  253 33.267473 11.448644 11.242320  5.437966 -2.311023  9.553906  0.621752  1.192914  0.11142623E+05
  254 33.268066 11.449454 11.232321  5.434088 -2.317040  9.557031  0.621801  1.193091  0.11179779E+05
  255 33.268648 11.450256 11.222321  5.430212 -2.323058  9.560076  0.621850  1.193273  0.11217108E+05
  256 33.269219 11.451052 11.212321  5.426337 -2.329077  9.563043  0.621900  1.193458  0.11254610E+05
  257 33.269780 11.451841 11.202321  5.422465 -2.335096  9.565933  0.621952  1.193648  0.11292285E+05
  258 33.270331 11.452623 11.192321  5.418594 -2.341116  9.568750  0.622005  1.193843  0.11330132E+05
  259 33.270871 11.453398 11.182322  5.414726 -2.347137  9.571494  0.622059  1.194041  0.11368152E+05
  260 33.271402 11.454167 11.172322  5.410859 -2.353159  9.574168  0.622114  1.194245  0.11406345E+05
  261 33.271923 11.454929 11.162322  5.406995 -2.359182  9.576773  0.622170  1.194453  0.11444710E+05
  262 33.272435 11.455684 11.152322  5.403133 -2.365206  9.579311  0.622228  1.194665  0.11483248E+05
  263 33.272937 11.456433 11.142322  5.399273 -2.371231  9.581783  0.622287  1.194883  0.11521959E+05
  264 33.273430 11.457176 11.132323  5.395416 -2.377257  9.584191  0.622348  1.195106  0.11560843E+05
  265 33.273914 11.457912 11.122323  5.391561 -2.383284  9.586537  0.622409  1.195334  0.11599901E+05
  266 33.274390 11.458642 11.112323  5.387708 -2.389312  9.588823  0.622473  1.195567  0.11639133E+05
  267 33.274856 11.459366 11.102323  5.383858 -2.395341  9.591048  0.622537  1.195806  0.11678541E+05
  268 33.275314 11.460083 11.092323  5.380010 -2.401372  9.593217  0.622604  1.196050  0.11718124E+05
  269 33.275764 11.460795 11.082324  5.376165 -2.407404  9.595328  0.622671  1.196300  0.11757883E+05
  270 33.276205 11.461500 11.072324  5.372322 -2.413437  9.597385  0.622741  1.196556  0.11797820E+05
  271 33.276638 11.462200 11.062324  5.368483 -2.419471  9.599388  0.622811  1.196818  0.11837936E+05
  272 33.277063 11.462893 11.052324  5.364645 -2.425506  9.601339  0.622884  1.197085  0.11878231E+05
  273 33.277481 11.463581 11.042324  5.360811 -2.431543  9.603239  0.622958  1.197359  0.11918707E+05
  274 33.277890 11.464263 11.032325  5.356979 -2.437582  9.605090  0.623034  1.197639  0.11959365E+05
  275 33.278293 11.464939 11.022325  5.353151 -2.443622  9.606891  0.623111  1.197926  0.12000205E+05
  276 33.278687 11.465609 11.012325  5.349325 -2.449663  9.608646  0.623191  1.198219  0.12041230E+05
  277 33.279075 11.466274 11.002325  5.345502 -2.455706  9.610355  0.623272  1.198518  0.12082440E+05
  278 33.279455 11.466933 10.992326  5.341682 -2.461750  9.612018  0.623355  1.198824  0.12123835E+05
  279 33.279828 11.467587 10.982326  5.337866 -2.467796  9.613638  0.623439  1.199137  0.12165417E+05
  280 33.280194 11.468235 10.972326  5.334052 -2.473843  9.615216  0.623526  1.199457  0.12207186E+05
  281 33.280553 11.468878 10.962326  5.330242 -2.479892  9.616752  0.623614  1.199785  0.12249141E+05
  282 33.280906 11.469515 10.952326  5.326434 -2.485943  9.618247  0.623704  1.200119  0.12291283E+05
  283 33.281252 11.470147 10.942327  5.322631 -2.491996  9.619703  0.623797  1.200460  0.12333612E+05
  284 33.281592 11.470773 10.932327  5.318830 -2.498050  9.621120  0.623891  1.200809  0.12376124E+05
  285 33.281925 11.471395 10.922327  5.315033 -2.504106  9.622500  0.623987  1.201166  0.12418821E+05
  286 33.282253 11.472011 10.912327  5.311239 -2.510164  9.623844  0.624086  1.201530  0.12461699E+05
  287 33.282574 11.472622 10.902328  5.307449 -2.516223  9.625151  0.624186  1.201902  0.12504757E+05
  288 33.282889 11.473227 10.892328  5.303662 -2.522285  9.626425  0.624288  1.202282  0.12547991E+05
  289 33.283198 11.473828 10.882328  5.299879 -2.528349  9.627664  0.624393  1.202671  0.12591399E+05
  290 33.283501 11.474424 10.872328  5.296099 -2.534414  9.628870  0.624500  1.203067  0.12634977E+05
  291 33.283799 11.475015 10.862329  5.292324 -2.540482  9.630045  0.624609  1.203472  0.12678721E+05
  292 33.284091 11.475601 10.852329  5.288552 -2.546551  9.631188  0.624720  1.203885  0.12722627E+05
  293 33.284377 11.476182 10.842329  5.284784 -2.552623  9.632300  0.624834  1.204307  0.12766692E+05
  294 33.284658 11.476758 10.832329  5.281020 -2.558697  9.633383  0.624950  1.204738  0.12810909E+05
  295 33.284934 11.477329 10.822330  5.277260 -2.564774  9.634437  0.625068  1.205178  0.12855276E+05
  296 33.285205 11.477896 10.812330  5.273504 -2.570853  9.635463  0.625189  1.205627  0.12899786E+05
  297 33.285471 11.478457 10.802330  5.269753 -2.576934  9.636462  0.625313  1.206086  0.12944436E+05
  298 33.285731 11.479015 10.792330  5.266006 -2.583018  9.637434  0.625439  1.206555  0.12989222E+05
  299 33.285987 11.479567 10.782331  5.262263 -2.589104  9.638380  0.625567  1.207033  0.13034137E+05
  300 33.286237 11.480115 10.772331  5.258526 -2.595193  9.639300  0.625698  1.207521  0.13079179E+05
  301 33.286483 11.480659 10.762331  5.254792 -2.601285  9.640196  0.625832  1.208020  0.13124344E+05
  302 33.286725 11.481198 10.752331  5.251064 -2.607380  9.641068  0.625969  1.208529  0.13169628E+05
  303 33.286961 11.481732 10.742332  5.247341 -2.613478  9.641916  0.626108  1.209049  0.13215027E+05
  304 33.287194 11.482262 10.732332  5.243622 -2.619579  9.642742  0.626251  1.209580  0.13260539E+05
  305 33.287422 11.482788 10.722332  5.239909 -2.625683  9.643545  0.626396  1.210122  0.13306161E+05
  306 33.287645 11.483309 10.712332  5.236201 -2.631791  9.644327  0.626544  1.210676  0.13351892E+05
  307 33.287864 11.483826 10.702333  5.232499 -2.637901  9.645088  0.626696  1.211241  0.13397729E+05
  308 33.288079 11.484339 10.692333  5.228802 -2.644016  9.645828  0.626850  1.211817  0.13443673E+05
  309 33.288290 11.484848 10.682333  5.225111 -2.650134  9.646548  0.627008  1.212406  0.13489721E+05
  310 33.288497 11.485352 10.672334  5.221425 -2.656255  9.647249  0.627168  1.213008  0.13535874E+05
  311 33.288700 11.485853 10.662334  5.217746 -2.662381  9.647931  0.627332  1.213621  0.13582132E+05
  312 33.288899 11.486349 10.652334  5.214073 -2.668510  9.648595  0.627500  1.214248  0.13628497E+05
  313 33.289094 11.486841 10.642334  5.210406 -2.674644  9.649241  0.627670  1.214887  0.13674969E+05
  314 33.289286 11.487329 10.632335  5.206745 -2.680782  9.649869  0.627845  1.215539  0.13721551E+05
  315 33.289473 11.487813 10.622335  5.203091 -2.686924  9.650480  0.628022  1.216205  0.13768244E+05
  316 33.289658 11.488293 10.612335  5.199443 -2.693070  9.651075  0.628203  1.216884  0.13815053E+05
  317 33.289838 11.488770 10.602335  5.195802 -2.699221  9.651653  0.628388  1.217576  0.13861980E+05
  318 33.290015 11.489242 10.592336  5.192168 -2.705377  9.652216  0.628576  1.218283  0.13909029E+05
  319 33.290189 11.489711 10.582336  5.188540 -2.711537  9.652764  0.628768  1.219003  0.13956205E+05
  320 33.290359 11.490175 10.572336  5.184920 -2.717702  9.653297  0.628963  1.219737  0.14003513E+05
  321 33.290526 11.490636 10.562337  5.181307 -2.723872  9.653816  0.629162  1.220486  0.14050959E+05
  322 33.290690 11.491093 10.552337  5.177701 -2.730048  9.654320  0.629365  1.221249  0.14098549E+05
  323 33.290851 11.491547 10.542337  5.174103 -2.736228  9.654811  0.629571  1.222026  0.14146289E+05
  324 33.291008 11.491997 10.532338  5.170512 -2.742414  9.655288  0.629781  1.222818  0.14194187E+05
  325 33.291163 11.492443 10.522338  5.166928 -2.748605  9.655753  0.629995  1.223624  0.14242251E+05
  326 33.291314 11.492886 10.512338  5.163352 -2.754801  9.656204  0.630213  1.224445  0.14290489E+05
  327 33.291463 11.493325 10.502338  5.159784 -2.761003  9.656644  0.630434  1.225281  0.14338911E+05
  328 33.291608 11.493760 10.492339  5.156223 -2.767210  9.657072  0.630659  1.226132  0.14387526E+05
  329 33.291751 11.494192 10.482339  5.152671 -2.773424  9.657488  0.630888  1.226997  0.14436344E+05
  330 33.291891 11.494621 10.472339  5.149126 -2.779643  9.657892  0.631121  1.227877  0.14485376E+05
  331 33.292029 11.495046 10.462340  5.145588 -2.785867  9.658286  0.631357  1.228771  0.14534634E+05
  332 33.292163 11.495468 10.452340  5.142059 -2.792098  9.658669  0.631597  1.229681  0.14584130E+05
  333 33.292295 11.495886 10.442340  5.138538 -2.798334  9.659042  0.631841  1.230605  0.14633876E+05
  334 33.292424 11.496301 10.432341  5.135025 -2.804577  9.659404  0.632088  1.231543  0.14683887E+05
  335 33.292551 11.496713 10.422341  5.131519 -2.810826  9.659757  0.632339  1.232496  0.14734175E+05
  336 33.292676 11.497121 10.412341  5.128022 -2.817080  9.660100  0.632593  1.233464  0.14784756E+05
  337 33.292797 11.497527 10.402342  5.124532 -2.823341  9.660433  0.632852  1.234446  0.14835643E+05
  338 33.292917 11.497929 10.392342  5.121051 -2.829608  9.660758  0.633113  1.235441  0.14886854E+05
  339 33.293034 11.498328 10.382342  5.117577 -2.835881  9.661074  0.633378  1.236451  0.14938404E+05
  340 33.293149 11.498723 10.372342  5.114112 -2.842160  9.661381  0.633647  1.237474  0.14990310E+05
  341 33.293261 11.499116 10.362343  5.110654 -2.848445  9.661680  0.633919  1.238511  0.15042589E+05
  342 33.293372 11.499505 10.352343  5.107203 -2.854736  9.661970  0.634194  1.239562  0.15095258E+05
  343 33.293480 11.499892 10.342343  5.103761 -2.861033  9.662253  0.634472  1.240625  0.15148336E+05
  344 33.293586 11.500275 10.332344  5.100326 -2.867337  9.662528  0.634753  1.241701  0.15201842E+05
  345 33.293690 11.500656 10.322344  5.096898 -2.873646  9.662795  0.635038  1.242790  0.15255794E+05
  346 33.293792 11.501033 10.312344  5.093478 -2.879962  9.663056  0.635325  1.243890  0.15310211E+05
  347 33.293892 11.501407 10.302345  5.090066 -2.886283  9.663309  0.635615  1.245003  0.15365115E+05
  348 33.293989 11.501779 10.292345  5.086660 -2.892610  9.663555  0.635908  1.246128  0.15420523E+05
  349 33.294085 11.502148 10.282345  5.083261 -2.898943  9.663794  0.636204  1.247263  0.15476457E+05
  350 33.294179 11.502513 10.272345  5.079870 -2.905282  9.664027  0.636502  1.248409  0.15532938E+05
  351 33.294271 11.502876 10.262346  5.076485 -2.911626  9.664254  0.636803  1.249566  0.15589985E+05
  352 33.294362 11.503237 10.252346  5.073106 -2.917976  9.664474  0.637106  1.250733  0.15647621E+05
  353 33.294450 11.503594 10.242346  5.069734 -2.924331  9.664688  0.637411  1.251910  0.15705865E+05
  354 33.294537 11.503948 10.232347  5.066368 -2.930692  9.664897  0.637718  1.253095  0.15764739E+05
  355 33.294622 11.504300 10.222347  5.063008 -2.937057  9.665100  0.638027  1.254290  0.15824264E+05
  356 33.294705 11.504649 10.212347  5.059654 -2.943428  9.665297  0.638338  1.255492  0.15884461E+05
  357 33.294787 11.504996 10.202348  5.056306 -2.949803  9.665489  0.638651  1.256703  0.15945352E+05
  358 33.294867 11.505340 10.192348  5.052962 -2.956184  9.665675  0.638965  1.257920  0.16006956E+05
  359 33.294945 11.505681 10.182348  5.049624 -2.962568  9.665857  0.639281  1.259145  0.16069295E+05
  360 33.295022 11.506019 10.172348  5.046291 -2.968957  9.666033  0.639598  1.260376  0.16132389E+05
  361 33.295098 11.506355 10.162349  5.042962 -2.975351  9.666205  0.639917  1.261612  0.16196258E+05
  362 33.295171 11.506688 10.152349  5.039638 -2.981748  9.666372  0.640236  1.262854  0.16260922E+05
  363 33.295244 11.507019 10.142349  5.036317 -2.988149  9.666534  0.640556  1.264100  0.16326400E+05
  364 33.295314 11.507347 10.132350  5.033001 -2.994553  9.666692  0.640877  1.265351  0.16392711E+05
  365 33.295384 11.507673 10.122350  5.029687 -3.000961  9.666846  0.641199  1.266605  0.16459873E+05
  366 33.295452 11.507996 10.112350  5.026377 -3.007372  9.666995  0.641521  1.267862  0.16527904E+05
  367 33.295519 11.508317 10.102350  5.023070 -3.013786  9.667141  0.641843  1.269122  0.16596821E+05
  368 33.295584 11.508635 10.092351  5.019766 -3.020202  9.667282  0.642166  1.270383  0.16666640E+05
  369 33.295648 11.508951 10.082351  5.016463 -3.026621  9.667419  0.642488  1.271646  0.16737377E+05
  370 33.295710 11.509265 10.072351  5.013163 -3.033042  9.667553  0.642811  1.272909  0.16809044E+05
  371 33.295772 11.509576 10.062352  5.009864 -3.039465  9.667683  0.643133  1.274173  0.16881657E+05
  372 33.295832 11.509885 10.052352  5.006566 -3.045889  9.667809  0.643455  1.275436  0.16955227E+05
  373 33.295891 11.510191 10.042352  5.003270 -3.052315  9.667932  0.643776  1.276699  0.17029765E+05
  374 33.295949 11.510495 10.032352  4.999974 -3.058741  9.668052  0.644096  1.277960  0.17105281E+05
  375 33.296005 11.510797 10.022353  4.996678 -3.065169  9.668168  0.644416  1.279219  0.17181783E+05
  376 33.296061 11.511096 10.012353  4.993382 -3.071597  9.668281  0.644735  1.280475  0.17259279E+05
  377 33.296115 11.511393 10.002353  4.990086 -3.078025  9.668391  0.645052  1.281728  0.17337774E+05
  378 33.296168 11.511688  9.992353  4.986789 -3.084453  9.668498  0.645369  1.282978  0.17417271E+05
  379 33.296221 11.511980  9.982354  4.983491 -3.090880  9.668601  0.645684  1.284224  0.17497773E+05
  380 33.296272 11.512271  9.972354  4.980192 -3.097307  9.668702  0.645998  1.285465  0.17579281E+05
  381 33.296322 11.512559  9.962354  4.976890 -3.103732  9.668801  0.646310  1.286701  0.17661792E+05
  382 33.296371 11.512845  9.952354  4.973587 -3.110157  9.668896  0.646620  1.287932  0.17745304E+05
  383 33.296419 11.513129  9.942355  4.970282 -3.116580  9.668989  0.646929  1.289157  0.17829811E+05
  384 33.296466 11.513410  9.932355  4.966973 -3.123001  9.669079  0.647236  1.290376  0.17915306E+05
  385 33.296512 11.513689  9.922355  4.963662 -3.129419  9.669167  0.647540  1.291588  0.18001780E+05
  386 33.296557 11.513967  9.912355  4.960348 -3.135836  9.669252  0.647843  1.292793  0.18089219E+05
  387 33.296601 11.514242  9.902356  4.957030 -3.142249  9.669335  0.648144  1.293991  0.18177612E+05
  388 33.296644 11.514515  9.892356  4.953708 -3.148660  9.669416  0.648443  1.295181  0.18266941E+05
  389 33.296687 11.514786  9.882356  4.950382 -3.155067  9.669494  0.648739  1.296364  0.18357188E+05
  390 33.296728 11.515054  9.872356  4.947051 -3.161471  9.669570  0.649033  1.297539  0.18448332E+05
  391 33.296769 11.515321  9.862357  4.943716 -3.167871  9.669644  0.649325  1.298705  0.18540351E+05
  392 33.296809 11.515586  9.852357  4.940377 -3.174267  9.669716  0.649614  1.299863  0.18633219E+05
  393 33.296848 11.515848  9.842357  4.937032 -3.180658  9.669786  0.649901  1.301013  0.18726908E+05
  394 33.296886 11.516109  9.832357  4.933682 -3.187046  9.669854  0.650186  1.302154  0.18821390E+05
  395 33.296923 11.516367  9.822358  4.930326 -3.193428  9.669920  0.650468  1.303287  0.18916632E+05
  396 33.296960 11.516624  9.812358  4.926965 -3.199806  9.669984  0.650748  1.304411  0.19012601E+05
  397 33.296996 11.516879  9.802358  4.923598 -3.206179  9.670047  0.651026  1.305526  0.19109261E+05
  398 33.297031 11.517131  9.792358  4.920226 -3.212546  9.670108  0.651301  1.306634  0.19206574E+05
  399 33.297066 11.517382  9.782358  4.916848 -3.218909  9.670167  0.651574  1.307733  0.19304501E+05
  400 33.297099 11.517630  9.772359  4.913463 -3.225266  9.670224  0.651845  1.308824  0.19403001E+05
  401 33.297132 11.517877  9.762359  4.910073 -3.231617  9.670280  0.652114  1.309907  0.19502032E+05
  402 33.297165 11.518121  9.752359  4.906676 -3.237962  9.670334  0.652381  1.310983  0.19601551E+05
  403 33.297196 11.518364  9.742359  4.903274 -3.244302  9.670386  0.652645  1.312052  0.19701513E+05
  404 33.297227 11.518605  9.732359  4.899865 -3.250637  9.670437  0.652908  1.313114  0.19801873E+05
  405 33.297258 11.518844  9.722360  4.896451 -3.256965  9.670487  0.653169  1.314170  0.19902584E+05
  406 33.297288 11.519081  9.712360  4.893030 -3.263287  9.670535  0.653428  1.315219  0.20003600E+05
  407 33.297317 11.519316  9.702360  4.889604 -3.269604  9.670582  0.653686  1.316264  0.20104874E+05
  408 33.297345 11.519549  9.692360  4.886172 -3.275915  9.670628  0.653942  1.317303  0.20206360E+05
  409 33.297373 11.519781  9.682361  4.882734 -3.282221  9.670672  0.654197  1.318338  0.20308011E+05
  410 33.297400 11.520010  9.672361  4.879291 -3.288520  9.670715  0.654451  1.319370  0.20409780E+05
  411 33.297427 11.520238  9.662361  4.875843 -3.294815  9.670756  0.654704  1.320398  0.20511623E+05
  412 33.297453 11.520464  9.652361  4.872390 -3.301103  9.670797  0.654957  1.321425  0.20613494E+05
  413 33.297479 11.520688  9.642361  4.868932 -3.307387  9.670836  0.655209  1.322449  0.20715350E+05
  414 33.297504 11.520910  9.632362  4.865469 -3.313665  9.670875  0.655460  1.323473  0.20817147E+05
  415 33.297529 11.521130  9.622362  4.862002 -3.319939  9.670912  0.655711  1.324497  0.20918845E+05
  416 33.297553 11.521349  9.612362  4.858532 -3.326207  9.670948  0.655962  1.325522  0.21020404E+05
  417 33.297577 11.521566  9.602362  4.855057 -3.332472  9.670983  0.656214  1.326549  0.21121786E+05
  418 33.297600 11.521781  9.592362  4.851579 -3.338731  9.671017  0.656466  1.327578  0.21222954E+05
  419 33.297622 11.521994  9.582363  4.848098 -3.344987  9.671050  0.656718  1.328610  0.21323874E+05
  420 33.297644 11.522206  9.572363  4.844615 -3.351239  9.671082  0.656971  1.329647  0.21424513E+05
  421 33.297666 11.522416  9.562363  4.841129 -3.357488  9.671114  0.657226  1.330689  0.21524840E+05
  422 33.297687 11.522624  9.552363  4.837642 -3.363733  9.671144  0.657482  1.331738  0.21624829E+05
  423 33.297708 11.522830  9.542363  4.834153 -3.369975  9.671173  0.657739  1.332794  0.21724451E+05
  424 33.297729 11.523035  9.532364  4.830662 -3.376214  9.671202  0.657998  1.333858  0.21823682E+05
  425 33.297748 11.523238  9.522364  4.827171 -3.382452  9.671230  0.658259  1.334931  0.21922502E+05
  426 33.297768 11.523440  9.512364  4.823680 -3.388687  9.671257  0.658523  1.336014  0.22020889E+05
  427 33.297787 11.523639  9.502364  4.820190 -3.394921  9.671283  0.658789  1.337108  0.22118825E+05
  428 33.297806 11.523837  9.492364  4.816699 -3.401153  9.671308  0.659057  1.338214  0.22216296E+05
  429 33.297824 11.524034  9.482365  4.813210 -3.407384  9.671333  0.659329  1.339334  0.22313286E+05
  430 33.297842 11.524229  9.472365  4.809723 -3.413615  9.671357  0.659604  1.340467  0.22409785E+05
  431 33.297859 11.524422  9.462365  4.806237 -3.419846  9.671380  0.659882  1.341616  0.22505781E+05
  432 33.297877 11.524614  9.452365  4.802754 -3.426077  9.671403  0.660164  1.342781  0.22601267E+05
  433 33.297893 11.524804  9.442365  4.799273 -3.432308  9.671425  0.660449  1.343962  0.22696236E+05
  434 33.297910 11.524992  9.432366  4.795796 -3.438541  9.671446  0.660739  1.345162  0.22790684E+05
  435 33.297926 11.525179  9.422366  4.792323 -3.444774  9.671467  0.661033  1.346381  0.22884605E+05
  436 33.297942 11.525365  9.412366  4.788854 -3.451010  9.671487  0.661332  1.347619  0.22978000E+05
  437 33.297957 11.525549  9.402366  4.785390 -3.457247  9.671507  0.661635  1.348878  0.23070866E+05
  438 33.297972 11.525731  9.392367  4.781930 -3.463487  9.671526  0.661943  1.350160  0.23163204E+05
  439 33.297987 11.525912  9.382367  4.778477 -3.469730  9.671544  0.662257  1.351463  0.23255017E+05
  440 33.298001 11.526091  9.372367  4.775029 -3.475977  9.671562  0.662575  1.352791  0.23346306E+05
  441 33.298016 11.526269  9.362367  4.771588 -3.482226  9.671579  0.662900  1.354142  0.23437076E+05
  442 33.298029 11.526446  9.352367  4.768153 -3.488480  9.671596  0.663230  1.355519  0.23527332E+05
  443 33.298043 11.526621  9.342368  4.764726 -3.494739  9.671613  0.663566  1.356923  0.23617079E+05
  444 33.298056 11.526794  9.332368  4.761306 -3.501002  9.671629  0.663908  1.358353  0.23706323E+05
  445 33.298069 11.526966  9.322368  4.757895 -3.507270  9.671644  0.664256  1.359811  0.23795073E+05
  446 33.298082 11.527137  9.312368  4.754492 -3.513544  9.671659  0.664611  1.361298  0.23883336E+05
  447 33.298094 11.527306  9.302369  4.751098 -3.519823  9.671674  0.664972  1.362814  0.23971120E+05
  448 33.298107 11.527474  9.292369  4.747713 -3.526109  9.671688  0.665340  1.364361  0.24058436E+05
  449 33.298118 11.527641  9.282369  4.744337 -3.532402  9.671701  0.665716  1.365938  0.24145293E+05
  450 33.298130 11.527806  9.272369  4.740972 -3.538701  9.671715  0.666098  1.367547  0.24231703E+05
  451 33.298142 11.527970  9.262370  4.737617 -3.545008  9.671728  0.666487  1.369189  0.24317676E+05
  452 33.298153 11.528133  9.252370  4.734273 -3.551323  9.671740  0.666884  1.370863  0.24403225E+05
  453 33.298164 11.528294  9.242370  4.730940 -3.557645  9.671753  0.667288  1.372571  0.24488362E+05
  454 33.298174 11.528454  9.232370  4.727618 -3.563976  9.671764  0.667700  1.374314  0.24573102E+05
  455 33.298185 11.528612  9.222370  4.724308 -3.570315  9.671776  0.668120  1.376092  0.24657458E+05
  456 33.298195 11.528770  9.212371  4.721010 -3.576664  9.671787  0.668547  1.377906  0.24741444E+05
  457 33.298205 11.528926  9.202371  4.717724 -3.583021  9.671798  0.668983  1.379756  0.24825078E+05
  458 33.298215 11.529081  9.192371  4.714451 -3.589389  9.671809  0.669426  1.381642  0.24908375E+05
  459 33.298225 11.529234  9.182371  4.711190 -3.595766  9.671819  0.669878  1.383566  0.24991353E+05
  460 33.298234 11.529387  9.172372  4.707943 -3.602153  9.671829  0.670338  1.385528  0.25074029E+05
  461 33.298243 11.529538  9.162372  4.704709 -3.608551  9.671839  0.670806  1.387529  0.25156423E+05
  462 33.298252 11.529688  9.152372  4.701489 -3.614959  9.671848  0.671282  1.389568  0.25238556E+05
  463 33.298261 11.529837  9.142372  4.698283 -3.621379  9.671857  0.671767  1.391646  0.25320447E+05
  464 33.298270 11.529984  9.132373  4.695090 -3.627809  9.671866  0.672261  1.393765  0.25402119E+05
  465 33.298278 11.530131  9.122373  4.691913 -3.634251  9.671875  0.672763  1.395923  0.25483595E+05
  466 33.298286 11.530276  9.112373  4.688749 -3.640705  9.671883  0.673273  1.398122  0.25564899E+05
  467 33.298294 11.530420  9.102374  4.685601 -3.647171  9.671891  0.673792  1.400362  0.25646057E+05
  468 33.298302 11.530564  9.092374  4.682467 -3.653649  9.671899  0.674320  1.402643  0.25727093E+05
  469 33.298310 11.530705  9.082374  4.679349 -3.660139  9.671907  0.674857  1.404965  0.25808036E+05
  470 33.298317 11.530846  9.072374  4.676245 -3.666641  9.671914  0.675402  1.407329  0.25888914E+05
  471 33.298325 11.530986  9.062375  4.673157 -3.673157  9.671921  0.675956  1.409736  0.25969756E+05
  472 33.298332 11.531125  9.052375  4.670085 -3.679685  9.671928  0.676519  1.412184  0.26050593E+05
  473 33.298339 11.531262  9.042375  4.667028 -3.686226  9.671935  0.677090  1.414675  0.26131454E+05
  474 33.298346 11.531399  9.032375  4.663987 -3.692781  9.671942  0.677670  1.417208  0.26212374E+05
  475 33.298353 11.531535  9.022376  4.660961 -3.699349  9.671948  0.678259  1.419784  0.26293384E+05
  476 33.298360 11.531669  9.012376  4.657951 -3.705930  9.671955  0.678856  1.422403  0.26374520E+05
  477 33.298366 11.531803  9.002376  4.654958 -3.712525  9.671961  0.679462  1.425064  0.26455814E+05
  478 33.298372 11.531935  8.992376  4.651980 -3.719134  9.671967  0.680077  1.427769  0.26537302E+05
  479 33.298379 11.532067  8.982377  4.649018 -3.725756  9.671972  0.680700  1.430516  0.26619022E+05
  480 33.298385 11.532197  8.972377  4.646073 -3.732392  9.671978  0.681331  1.433307  0.26701007E+05
  481 33.298391 11.532327  8.962377  4.643143 -3.739042  9.671983  0.681971  1.436141  0.26783297E+05
  482 33.298396 11.532456  8.952378  4.640229 -3.745706  9.671989  0.682619  1.439017  0.26865926E+05
  483 33.298402 11.532583  8.942378  4.637332 -3.752384  9.671994  0.683276  1.441937  0.26948934E+05
  484 33.298408 11.532710  8.932378  4.634450 -3.759076  9.671999  0.683940  1.444899  0.27032357E+05
  485 33.298413 11.532836  8.922378  4.631585 -3.765782  9.672004  0.684613  1.447905  0.27116233E+05
  486 33.298418 11.532961  8.912379  4.628735 -3.772502  9.672008  0.685294  1.450953  0.27200599E+05
  487 33.298424 11.533085  8.902379  4.625901 -3.779236  9.672013  0.685983  1.454043  0.27285493E+05
  488 33.298429 11.533208  8.892379  4.623083 -3.785984  9.672017  0.686680  1.457176  0.27370951E+05
  489 33.298434 11.533330  8.882380  4.620280 -3.792746  9.672022  0.687385  1.460352  0.27457010E+05
  490 33.298439 11.533451  8.872380  4.617493 -3.799521  9.672026  0.688097  1.463570  0.27543705E+05
  491 33.298443 11.533572  8.862380  4.614722 -3.806311  9.672030  0.688817  1.466829  0.27631074E+05
  492 33.298448 11.533691  8.852380  4.611965 -3.813115  9.672034  0.689544  1.470131  0.27719149E+05
  493 33.298453 11.533810  8.842381  4.609224 -3.819932  9.672038  0.690279  1.473474  0.27807966E+05
  494 33.298457 11.533928  8.832381  4.606499 -3.826763  9.672042  0.691021  1.476859  0.27897558E+05
  495 33.298462 11.534045  8.822381  4.603788 -3.833607  9.672045  0.691771  1.480285  0.27987956E+05
  496 33.298466 11.534162  8.812382  4.601092 -3.840465  9.672049  0.692527  1.483752  0.28079193E+05
  497 33.298470 11.534277  8.802382  4.598411 -3.847336  9.672052  0.693291  1.487261  0.28171298E+05
  498 33.298474 11.534392  8.792382  4.595744 -3.854221  9.672056  0.694061  1.490809  0.28264301E+05
  499 33.298478 11.534506  8.782382  4.593091 -3.861119  9.672059  0.694838  1.494399  0.28358229E+05
  500 33.298482 11.534619  8.772383  4.590453 -3.868029  9.672062  0.695622  1.498029  0.28453109E+05
  501 33.298486 11.534731  8.762383  4.587829 -3.874953  9.672065  0.696413  1.501699  0.28548967E+05
  502 33.298490 11.534843  8.752383  4.585219 -3.881889  9.672068  0.697210  1.505409  0.28645826E+05
  503 33.298493 11.534954  8.742384  4.582622 -3.888838  9.672071  0.698013  1.509158  0.28743710E+05
  504 33.298497 11.535064  8.732384  4.580039 -3.895799  9.672074  0.698823  1.512948  0.28842639E+05
  505 33.298500 11.535173  8.722384  4.577469 -3.902773  9.672077  0.699639  1.516776  0.28942633E+05
  506 33.298504 11.535282  8.712384  4.574913 -3.909758  9.672079  0.700461  1.520644  0.29043711E+05
  507 33.298507 11.535390  8.702385  4.572369 -3.916756  9.672082  0.701289  1.524551  0.29145890E+05
  508 33.298511 11.535497  8.692385  4.569838 -3.923766  9.672084  0.702123  1.528497  0.29249184E+05
  509 33.298514 11.535603  8.682385  4.567320 -3.930787  9.672087  0.702963  1.532482  0.29353608E+05
  510 33.298517 11.535709  8.672386  4.564814 -3.937819  9.672089  0.703808  1.536506  0.29459174E+05
  511 33.298520 11.535814  8.662386  4.562321 -3.944863  9.672092  0.704660  1.540568  0.29565893E+05
  512 33.298523 11.535919  8.652386  4.559839 -3.951919  9.672094  0.705517  1.544669  0.29673775E+05
  513 33.298526 11.536022  8.642386  4.557369 -3.958985  9.672096  0.706379  1.548807  0.29782826E+05
  514 33.298529 11.536125  8.632387  4.554911 -3.966062  9.672098  0.707247  1.552985  0.29893054E+05
  515 33.298532 11.536228  8.622387  4.552465 -3.973149  9.672100  0.708120  1.557200  0.30004463E+05
  516 33.298534 11.536330  8.612387  4.550029 -3.980248  9.672102  0.708998  1.561454  0.30117057E+05
  517 33.298537 11.536431  8.602388  4.547605 -3.987356  9.672104  0.709882  1.565746  0.30230838E+05
  518 33.298540 11.536531  8.592388  4.545192 -3.994475  9.672106  0.710771  1.570075  0.30345806E+05
  519 33.298542 11.536631  8.582388  4.542790 -4.001604  9.672108  0.711665  1.574444  0.30461960E+05
  520 33.298545 11.536730  8.572388  4.540398 -4.008742  9.672110  0.712564  1.578850  0.30579299E+05
  521 33.298547 11.536828  8.562389  4.538017 -4.015890  9.672112  0.713468  1.583294  0.30697819E+05
  522 33.298550 11.536926  8.552389  4.535647 -4.023048  9.672113  0.714377  1.587776  0.30817516E+05
  523 33.298552 11.537024  8.542389  4.533286 -4.030215  9.672115  0.715291  1.592297  0.30938383E+05
  524 33.298554 11.537120  8.532389  4.530936 -4.037392  9.672117  0.716209  1.596856  0.31060414E+05
  525 33.298557 11.537216  8.522390  4.528595 -4.044578  9.672118  0.717133  1.601454  0.31183600E+05
  526 33.298559 11.537312  8.512390  4.526264 -4.051772  9.672120  0.718061  1.606090  0.31307933E+05
  527 33.298561 11.537407  8.502390  4.523943 -4.058976  9.672121  0.718994  1.610764  0.31433402E+05
  528 33.298563 11.537501  8.492391  4.521631 -4.066188  9.672123  0.719932  1.615478  0.31559996E+05
  529 33.298565 11.537595  8.482391  4.519329 -4.073408  9.672124  0.720874  1.620230  0.31687704E+05
  530 33.298567 11.537688  8.472391  4.517036 -4.080638  9.672125  0.721821  1.625021  0.31816512E+05
  531 33.298569 11.537780  8.462391  4.514752 -4.087875  9.672127  0.722773  1.629852  0.31946407E+05
  532 33.298571 11.537872  8.452392  4.512477 -4.095121  9.672128  0.723729  1.634721  0.32077376E+05
  533 33.298573 11.537964  8.442392  4.510211 -4.102375  9.672129  0.724690  1.639631  0.32209403E+05
  534 33.298575 11.538055  8.432392  4.507954 -4.109637  9.672131  0.725655  1.644581  0.32342479E+05
  535 33.298576 11.538102  8.427176  4.506780 -4.113428  9.672131  0.726161  1.647178  0.32412299E+05
