# DMESTAR Mass Track Snapshot
#
# Model Number:    600  Age (Myr):   4671.339
#  Mass (Msun):  1.000 Fe/H (dex):   0.00
#
#---------
   16  668
    1 28.361093  8.523041 17.373937  7.199757  2.169888  0.000135  0.829214  1.463748  0.12796530E+05
    2 28.411093  8.539708 17.373887  7.199738  2.169858  0.000152  0.829214  1.463748  0.12796530E+05
    3 28.461093  8.556376 17.373833  7.199716  2.169825  0.000170  0.829214  1.463748  0.12796530E+05
    4 28.511093  8.573046 17.373775  7.199693  2.169791  0.000191  0.829214  1.463748  0.12796530E+05
    5 28.561093  8.589716 17.373712  7.199669  2.169753  0.000214  0.829214  1.463748  0.12796530E+05
    6 28.611093  8.606387 17.373645  7.199642  2.169712  0.000240  0.829214  1.463748  0.12796530E+05
    7 28.661093  8.623060 17.373572  7.199613  2.169668  0.000269  0.829214  1.463748  0.12796530E+05
    8 28.711093  8.639733 17.373493  7.199582  2.169621  0.000302  0.829214  1.463748  0.12796530E+05
    9 28.761093  8.656408 17.373407  7.199548  2.169570  0.000339  0.829214  1.463748  0.12796530E+05
   10 28.811093  8.673083 17.373315  7.199511  2.169514  0.000380  0.829214  1.463748  0.12796530E+05
   11 28.861093  8.689760 17.373216  7.199472  2.169455  0.000426  0.829214  1.463748  0.12796530E+05
   12 28.911093  8.706438 17.373108  7.199430  2.169390  0.000478  0.829214  1.463748  0.12796530E+05
   13 28.961093  8.723117 17.372992  7.199384  2.169320  0.000536  0.829214  1.463748  0.12796530E+05
   14 29.011093  8.739797 17.372867  7.199334  2.169245  0.000601  0.829214  1.463748  0.12796530E+05
   15 29.061093  8.756479 17.372732  7.199281  2.169164  0.000673  0.829214  1.463748  0.12796530E+05
   16 29.111093  8.773162 17.372585  7.199223  2.169076  0.000755  0.829214  1.463748  0.12796530E+05
   17 29.161093  8.789847 17.372428  7.199161  2.168981  0.000846  0.829214  1.463748  0.12796530E+05
   18 29.211093  8.806533 17.372257  7.199093  2.168879  0.000948  0.829214  1.463748  0.12796530E+05
   19 29.261093  8.823221 17.372073  7.199020  2.168769  0.001062  0.829214  1.463748  0.12796530E+05
   20 29.311093  8.839911 17.371874  7.198942  2.168649  0.001190  0.829214  1.463748  0.12796530E+05
   21 29.361093  8.856603 17.371660  7.198857  2.168520  0.001333  0.829214  1.463748  0.12796530E+05
   22 29.411093  8.873297 17.371428  7.198765  2.168381  0.001493  0.829214  1.463748  0.12796530E+05
   23 29.461093  8.889993 17.371177  7.198666  2.168231  0.001672  0.829214  1.463748  0.12796530E+05
   24 29.511093  8.906692 17.370907  7.198559  2.168068  0.001872  0.829214  1.463748  0.12796530E+05
   25 29.561093  8.923393 17.370614  7.198444  2.167893  0.002096  0.829214  1.463748  0.12796530E+05
   26 29.611093  8.940097 17.370299  7.198319  2.167703  0.002346  0.829214  1.463748  0.12796530E+05
   27 29.661093  8.956804 17.369958  7.198184  2.167498  0.002626  0.829214  1.463748  0.12796530E+05
   28 29.711093  8.973515 17.369589  7.198038  2.167277  0.002938  0.829214  1.463748  0.12796530E+05
   29 29.761093  8.990229 17.369192  7.197881  2.167038  0.003287  0.829214  1.463748  0.12796530E+05
   30 29.811093  9.006947 17.368762  7.197711  2.166780  0.003676  0.829214  1.463748  0.12796530E+05
   31 29.861093  9.023669 17.368297  7.197527  2.166501  0.004110  0.829214  1.463748  0.12796530E+05
   32 29.911093  9.040396 17.367796  7.197329  2.166200  0.004594  0.829214  1.463748  0.12796530E+05
   33 29.961093  9.057128 17.367253  7.197114  2.165874  0.005134  0.829214  1.463748  0.12796530E+05
   34 30.011093  9.073864 17.366668  7.196883  2.165522  0.005735  0.829214  1.463748  0.12796530E+05
   35 30.061093  9.090607 17.366035  7.196633  2.165142  0.006404  0.829214  1.463748  0.12796530E+05
   36 30.111093  9.107356 17.365351  7.196362  2.164732  0.007148  0.829214  1.463748  0.12796530E+05
   37 30.161093  9.124111 17.364612  7.196070  2.164288  0.007976  0.829214  1.463748  0.12796530E+05
   38 30.211093  9.140873 17.363813  7.195754  2.163808  0.008896  0.829214  1.463748  0.12796530E+05
   39 30.261093  9.157643 17.362949  7.195412  2.163290  0.009917  0.829214  1.463748  0.12796530E+05
   40 30.311093  9.174422 17.362016  7.195044  2.162726  0.011050  0.829208  1.463741  0.00000000E+00
   41 30.361093  9.191209 17.361007  7.194647  2.162115  0.012306  0.829203  1.463735  0.00000000E+00
   42 30.411093  9.208007 17.359916  7.194220  2.161454  0.013696  0.829199  1.463730  0.00000000E+00
   43 30.461093  9.224816 17.358736  7.193761  2.160736  0.015234  0.829195  1.463725  0.00000000E+00
   44 30.511093  9.241636 17.357461  7.193267  2.159958  0.016933  0.829191  1.463721  0.00000000E+00
   45 30.561093  9.258469 17.356082  7.192737  2.159113  0.018810  0.829188  1.463717  0.00000000E+00
   46 30.611093  9.275316 17.354590  7.192167  2.158195  0.020878  0.829184  1.463712  0.00000000E+00
   47 30.661093  9.292179 17.352976  7.191556  2.157197  0.023157  0.829180  1.463707  0.00000000E+00
   48 30.711093  9.309058 17.351229  7.190900  2.156112  0.025662  0.829175  1.463700  0.00000000E+00
   49 30.761093  9.325955 17.349340  7.190196  2.154931  0.028413  0.829168  1.463692  0.00000000E+00
   50 30.811093  9.342872 17.347295  7.189442  2.153645  0.031429  0.829158  1.463680  0.00000000E+00
   51 30.861093  9.359812 17.345081  7.188633  2.152241  0.034732  0.829140  1.463658  0.00000000E+00
   52 30.911093  9.376775 17.342684  7.187767  2.150703  0.038341  0.829105  1.463614  0.00000000E+00
   53 30.961093  9.393765 17.340089  7.186841  2.149006  0.042277  0.829028  1.463518  0.00000000E+00
   54 31.011093  9.410786 17.337277  7.185850  2.147101  0.046563  0.828840  1.463284  0.00000000E+00
   55 31.061093  9.427844 17.334232  7.184791  2.144859  0.051220  0.828324  1.462644  0.00000000E+00
   56 31.111093  9.444952 17.330932  7.183660  2.142070  0.056269  0.827111  1.461135  0.00000000E+00
   57 31.161093  9.462141 17.327356  7.182450  2.137886  0.062122  0.823628  1.456795  0.00000000E+00
   58 31.211093  9.479429 17.323483  7.181148  2.133626  0.068934  0.820400  1.452764  0.00000000E+00
   59 31.261093  9.496814 17.319287  7.179744  2.129054  0.076495  0.817011  1.448521  0.00000000E+00
   60 31.311093  9.514296 17.314743  7.178230  2.124168  0.084878  0.813488  1.444100  0.00000000E+00
   61 31.361093  9.531878 17.309822  7.176595  2.118897  0.094162  0.809737  1.439381  0.00000000E+00
   62 31.411093  9.549565 17.304493  7.174830  2.113193  0.104434  0.805713  1.434304  0.00000000E+00
   63 31.461093  9.567363 17.298722  7.172925  2.107017  0.115789  0.801391  1.428835  0.00000000E+00
   64 31.511093  9.585278 17.292473  7.170867  2.100336  0.128325  0.796759  1.422954  0.00000000E+00
   65 31.561093  9.603318 17.285706  7.168643  2.093121  0.142150  0.791818  1.416659  0.00000000E+00
   66 31.611093  9.621491 17.278377  7.166240  2.085342  0.157371  0.786574  1.409954  0.00000000E+00
   67 31.661093  9.639804 17.270440  7.163642  2.076971  0.174103  0.781042  1.402853  0.00000000E+00
   68 31.711093  9.658266 17.261842  7.160833  2.067981  0.192459  0.775239  1.395373  0.00000000E+00
   69 31.761093  9.676886 17.252526  7.157794  2.058341  0.212550  0.769187  1.387538  0.00000000E+00
   70 31.807808  9.694433 17.243121  7.154730  2.048719  0.232983  0.763328  1.379920  0.00000000E+00
   71 31.851087  9.710826 17.233752  7.151682  2.039248  0.253418  0.757742  1.372626  0.00000000E+00
   72 31.891495  9.726255 17.224393  7.148642  2.029898  0.273856  0.752402  1.365627  0.00000000E+00
   73 31.929471  9.740872 17.215019  7.145601  2.020642  0.294296  0.747286  1.358894  0.00000000E+00
   74 31.965370  9.754795 17.205608  7.142551  2.011453  0.314738  0.742369  1.352400  0.00000000E+00
   75 31.999476  9.768124 17.196139  7.139487  2.002307  0.335182  0.737631  1.346119  0.00000000E+00
   76 32.032027  9.780941 17.186591  7.136403  1.993179  0.355629  0.733052  1.340028  0.00000000E+00
   77 32.063221  9.793314 17.176944  7.133291  1.984049  0.376077  0.728615  1.334108  0.00000000E+00
   78 32.093225  9.805304 17.167180  7.130147  1.974894  0.396528  0.724307  1.328340  0.00000000E+00
   79 32.122182  9.816960 17.157278  7.126964  1.965696  0.416980  0.720115  1.322710  0.00000000E+00
   80 32.150218  9.828329 17.147218  7.123736  1.956434  0.437435  0.716028  1.317203  0.00000000E+00
   81 32.176993  9.839266 17.137151  7.120513  1.947245  0.457549  0.712103  1.311900  0.00000000E+00
   82 32.202591  9.849798 17.127086  7.117298  1.938134  0.477287  0.708335  1.306795  0.00000000E+00
   83 32.227103  9.859955 17.117022  7.114089  1.929097  0.496628  0.704718  1.301880  0.00000000E+00
   84 32.250609  9.869764 17.106958  7.110889  1.920130  0.515555  0.701246  1.297149  0.00000000E+00
   85 32.273183  9.879251 17.096895  7.107697  1.911232  0.534056  0.697911  1.292594  0.00000000E+00
   86 32.294888  9.888435 17.086834  7.104513  1.902400  0.552119  0.694710  1.288211  0.00000000E+00
   87 32.315783  9.897337 17.076773  7.101337  1.893630  0.569734  0.691636  1.283992  0.00000000E+00
   88 32.335920  9.905975 17.066713  7.098171  1.884922  0.586896  0.688685  1.279933  0.00000000E+00
   89 32.355347  9.914364 17.056654  7.095014  1.876271  0.603597  0.685852  1.276027  0.00000000E+00
   90 32.374105  9.922519 17.046596  7.091867  1.867677  0.619837  0.683132  1.272271  0.00000000E+00
   91 32.392235  9.930453 17.036539  7.088731  1.859135  0.635611  0.680522  1.268657  0.00000000E+00
   92 32.409773  9.938179 17.026483  7.085605  1.850645  0.650922  0.678016  1.265182  0.00000000E+00
   93 32.426750  9.945706 17.016427  7.082489  1.842203  0.665769  0.675610  1.261839  0.00000000E+00
   94 32.443197  9.953047 17.006373  7.079385  1.833808  0.680156  0.673301  1.258625  0.00000000E+00
   95 32.459141  9.960209 16.996319  7.076292  1.825458  0.694085  0.671085  1.255535  0.00000000E+00
   96 32.474609  9.967202 16.986266  7.073210  1.817150  0.707562  0.668957  1.252564  0.00000000E+00
   97 32.489623  9.974034 16.976214  7.070139  1.808882  0.720593  0.666916  1.249709  0.00000000E+00
   98 32.504206  9.980713 16.966162  7.067080  1.800654  0.733184  0.664956  1.246963  0.00000000E+00
   99 32.518378  9.987244 16.956111  7.064034  1.792462  0.745343  0.663075  1.244325  0.00000000E+00
  100 32.532158  9.993636 16.946061  7.060999  1.784305  0.757079  0.661271  1.241789  0.00000000E+00
  101 32.545564  9.999893 16.936012  7.057976  1.776181  0.768400  0.659538  1.239353  0.00000000E+00
  102 32.558611 10.006022 16.925963  7.054966  1.768089  0.779317  0.657876  1.237011  0.00000000E+00
  103 32.571316 10.012028 16.915916  7.051968  1.760026  0.789840  0.656281  1.234762  0.00000000E+00
  104 32.583692 10.017916 16.905868  7.048983  1.751992  0.799977  0.654750  1.232600  0.00000000E+00
  105 32.595754 10.023691 16.895822  7.046010  1.743985  0.809740  0.653281  1.230524  0.00000000E+00
  106 32.607513 10.029357 16.885776  7.043049  1.736004  0.819137  0.651872  1.228529  0.00000000E+00
  107 32.618983 10.034918 16.875731  7.040102  1.728046  0.828178  0.650519  1.226613  0.00000000E+00
  108 32.630173 10.040378 16.865686  7.037167  1.720111  0.836871  0.649221  1.224773  0.00000000E+00
  109 32.641096 10.045741 16.855642  7.034244  1.712197  0.845226  0.647976  1.223006  0.00000000E+00
  110 32.651760 10.051010 16.845599  7.031335  1.704303  0.853250  0.646781  1.221308  0.00000000E+00
  111 32.662176 10.056190 16.835556  7.028438  1.696428  0.860953  0.645635  1.219678  0.00000000E+00
  112 32.672351 10.061282 16.825513  7.025555  1.688571  0.868343  0.644535  1.218113  0.00000000E+00
  113 32.682296 10.066290 16.815472  7.022684  1.680730  0.875430  0.643479  1.216610  0.00000000E+00
  114 32.692017 10.071217 16.805430  7.019826  1.672904  0.882222  0.642467  1.215166  0.00000000E+00
  115 32.701523 10.076066 16.795390  7.016980  1.665092  0.888728  0.641495  1.213780  0.00000000E+00
  116 32.710820 10.080839 16.785350  7.014148  1.657294  0.894959  0.640563  1.212450  0.00000000E+00
  117 32.719916 10.085538 16.775310  7.011329  1.649508  0.900923  0.639668  1.211172  0.00000000E+00
  118 32.728818 10.090167 16.765271  7.008522  1.641733  0.906629  0.638810  1.209945  0.00000000E+00
  119 32.737530 10.094726 16.755232  7.005729  1.633969  0.912088  0.637987  1.208767  0.00000000E+00
  120 32.746061 10.099219 16.745194  7.002948  1.626214  0.917308  0.637196  1.207636  0.00000000E+00
  121 32.754414 10.103648 16.735156  7.000180  1.618467  0.922299  0.636438  1.206550  0.00000000E+00
  122 32.762596 10.108014 16.725119  6.997425  1.610729  0.927069  0.635710  1.205507  0.00000000E+00
  123 32.770612 10.112319 16.715082  6.994682  1.602997  0.931628  0.635011  1.204506  0.00000000E+00
  124 32.778466 10.116565 16.705045  6.991952  1.595273  0.935984  0.634341  1.203544  0.00000000E+00
  125 32.786164 10.120754 16.695009  6.989234  1.587554  0.940145  0.633697  1.202620  0.00000000E+00
  126 32.793711 10.124887 16.684974  6.986528  1.579841  0.944119  0.633079  1.201733  0.00000000E+00
  127 32.801109 10.128967 16.674938  6.983834  1.572132  0.947915  0.632486  1.200881  0.00000000E+00
  128 32.808365 10.132993 16.664903  6.981152  1.564427  0.951539  0.631917  1.200063  0.00000000E+00
  129 32.815481 10.136969 16.654869  6.978482  1.556726  0.954998  0.631370  1.199277  0.00000000E+00
  130 32.822462 10.140896 16.644835  6.975824  1.549028  0.958300  0.630845  1.198523  0.00000000E+00
  131 32.829311 10.144774 16.634801  6.973177  1.541333  0.961452  0.630341  1.197798  0.00000000E+00
  132 32.836032 10.148605 16.624768  6.970543  1.533639  0.964459  0.629858  1.197102  0.00000000E+00
  133 32.842629 10.152391 16.614735  6.967920  1.525947  0.967329  0.629393  1.196433  0.00000000E+00
  134 32.849104 10.156132 16.604702  6.965309  1.518255  0.970066  0.628947  1.195791  0.00000000E+00
  135 32.855461 10.159830 16.594669  6.962709  1.510565  0.972678  0.628519  1.195174  0.00000000E+00
  136 32.861703 10.163486 16.584637  6.960121  1.502875  0.975168  0.628108  1.194581  0.00000000E+00
  137 32.867832 10.167101 16.574606  6.957544  1.495184  0.977544  0.627712  1.194012  0.00000000E+00
  138 32.873853 10.170676 16.564574  6.954978  1.487493  0.979809  0.627333  1.193465  0.00000000E+00
  139 32.879766 10.174212 16.554543  6.952423  1.479801  0.981969  0.626969  1.192939  0.00000000E+00
  140 32.885576 10.177709 16.544512  6.949879  1.472108  0.984028  0.626618  1.192434  0.00000000E+00
  141 32.891284 10.181170 16.534481  6.947347  1.464413  0.985991  0.626282  1.191949  0.00000000E+00
  142 32.896894 10.184594 16.524451  6.944825  1.456717  0.987862  0.625959  1.191483  0.00000000E+00
  143 32.902407 10.187984 16.514421  6.942314  1.449019  0.989646  0.625649  1.191035  0.00000000E+00
  144 32.907826 10.191338 16.504391  6.939813  1.441318  0.991347  0.625351  1.190604  0.00000000E+00
  145 32.913153 10.194660 16.494362  6.937323  1.433614  0.992968  0.625064  1.190191  0.00000000E+00
  146 32.918390 10.197948 16.484332  6.934844  1.425908  0.994513  0.624789  1.189793  0.00000000E+00
  147 32.923539 10.201204 16.474303  6.932375  1.418199  0.995985  0.624524  1.189411  0.00000000E+00
  148 32.928603 10.204429 16.464274  6.929916  1.410487  0.997388  0.624270  1.189044  0.00000000E+00
  149 32.933582 10.207624 16.454246  6.927467  1.402771  0.998726  0.624026  1.188691  0.00000000E+00
  150 32.938480 10.210788 16.444218  6.925028  1.395052  1.000000  0.623791  1.188352  0.00000000E+00
  151 32.943298 10.213923 16.434189  6.922599  1.387329  1.001215  0.623565  1.188025  0.00000000E+00
  152 32.948038 10.217030 16.424161  6.920180  1.379603  1.002373  0.623348  1.187712  0.00000000E+00
  153 32.952701 10.220109 16.414134  6.917771  1.371872  1.003477  0.623140  1.187411  0.00000000E+00
  154 32.957290 10.223161 16.404106  6.915371  1.364137  1.004529  0.622940  1.187121  0.00000000E+00
  155 32.961805 10.226186 16.394079  6.912980  1.356398  1.005532  0.622747  1.186843  0.00000000E+00
  156 32.966248 10.229185 16.384052  6.910599  1.348655  1.006488  0.622562  1.186575  0.00000000E+00
  157 32.970622 10.232158 16.374025  6.908228  1.340907  1.007400  0.622384  1.186318  0.00000000E+00
  158 32.974926 10.235107 16.363998  6.905865  1.333154  1.008269  0.622213  1.186070  0.00000000E+00
  159 32.979164 10.238030 16.353972  6.903512  1.325397  1.009098  0.622049  1.185832  0.00000000E+00
  160 32.983336 10.240931 16.343946  6.901167  1.317636  1.009889  0.621891  1.185604  0.00000000E+00
  161 32.987443 10.243807 16.333920  6.898832  1.309869  1.010643  0.621739  1.185384  0.00000000E+00
  162 32.991487 10.246661 16.323894  6.896504  1.302098  1.011361  0.621592  1.185172  0.00000000E+00
  163 32.995470 10.249492 16.313868  6.894184  1.294323  1.012047  0.621451  1.184968  0.00000000E+00
  164 32.999391 10.252301 16.303842  6.891873  1.286543  1.012700  0.621315  1.184771  0.00000000E+00
  165 33.003254 10.255089 16.293817  6.889569  1.278759  1.013322  0.621184  1.184582  0.00000000E+00
  166 33.007058 10.257856 16.283792  6.887273  1.270970  1.013914  0.621058  1.184400  0.00000000E+00
  167 33.010806 10.260601 16.273766  6.884984  1.263177  1.014476  0.620937  1.184224  0.00000000E+00
  168 33.014497 10.263327 16.263741  6.882703  1.255379  1.015009  0.620820  1.184055  0.00000000E+00
  169 33.018133 10.266033 16.253717  6.880429  1.247577  1.015514  0.620708  1.183893  0.00000000E+00
  170 33.021716 10.268719 16.243692  6.878162  1.239770  1.015992  0.620600  1.183736  0.00000000E+00
  171 33.025246 10.271386 16.233668  6.875903  1.231958  1.016441  0.620495  1.183585  0.00000000E+00
  172 33.028725 10.274034 16.223643  6.873651  1.224142  1.016863  0.620394  1.183439  0.00000000E+00
  173 33.032153 10.276664 16.213619  6.871405  1.216321  1.017258  0.620297  1.183298  0.00000000E+00
  174 33.035530 10.279276 16.203595  6.869166  1.208495  1.017627  0.620203  1.183161  0.00000000E+00
  175 33.038860 10.281871 16.193571  6.866935  1.200663  1.017969  0.620110  1.183028  0.00000000E+00
  176 33.042141 10.284448 16.183547  6.864709  1.192826  1.018286  0.620020  1.182897  0.00000000E+00
  177 33.045375 10.287007 16.173523  6.862491  1.184983  1.018579  0.619931  1.182768  0.00000000E+00
  178 33.048563 10.289551 16.163500  6.860279  1.177134  1.018849  0.619843  1.182640  0.00000000E+00
  179 33.051705 10.292077 16.153476  6.858073  1.169278  1.019097  0.619755  1.182514  0.00000000E+00
  180 33.054803 10.294588 16.143453  6.855874  1.161417  1.019325  0.619669  1.182388  0.00000000E+00
  181 33.057858 10.297083 16.133430  6.853681  1.153549  1.019533  0.619582  1.182263  0.00000000E+00
  182 33.060869 10.299563 16.123407  6.851494  1.145676  1.019724  0.619497  1.182139  0.00000000E+00
  183 33.063839 10.302027 16.113384  6.849313  1.137796  1.019899  0.619412  1.182016  0.00000000E+00
  184 33.066767 10.304476 16.103361  6.847138  1.129911  1.020060  0.619327  1.181894  0.00000000E+00
  185 33.069654 10.306911 16.093338  6.844969  1.122020  1.020207  0.619244  1.181773  0.00000000E+00
  186 33.072501 10.309331 16.083316  6.842806  1.114123  1.020342  0.619161  1.181653  0.00000000E+00
  187 33.075309 10.311737 16.073293  6.840649  1.106221  1.020466  0.619079  1.181534  0.00000000E+00
  188 33.078079 10.314130 16.063271  6.838497  1.098314  1.020581  0.618998  1.181417  0.00000000E+00
  189 33.080810 10.316508 16.053248  6.836351  1.090402  1.020687  0.618918  1.181302  0.00000000E+00
  190 33.083505 10.318874 16.043226  6.834210  1.082485  1.020785  0.618840  1.181188  0.00000000E+00
  191 33.086163 10.321226 16.033204  6.832075  1.074564  1.020876  0.618763  1.181076  0.00000000E+00
  192 33.088784 10.323565 16.023182  6.829945  1.066637  1.020960  0.618687  1.180967  0.00000000E+00
  193 33.091371 10.325891 16.013160  6.827821  1.058707  1.021039  0.618613  1.180859  0.00000000E+00
  194 33.093922 10.328205 16.003138  6.825701  1.050772  1.021113  0.618540  1.180754  0.00000000E+00
  195 33.096439 10.330507 15.993116  6.823587  1.042832  1.021181  0.618469  1.180650  0.00000000E+00
  196 33.098923 10.332797 15.983095  6.821477  1.034889  1.021246  0.618399  1.180549  0.00000000E+00
  197 33.101374 10.335074 15.973073  6.819373  1.026941  1.021306  0.618331  1.180450  0.00000000E+00
  198 33.103792 10.337340 15.963052  6.817273  1.018990  1.021363  0.618264  1.180354  0.00000000E+00
  199 33.106178 10.339595 15.953030  6.815178  1.011034  1.021416  0.618199  1.180259  0.00000000E+00
  200 33.108532 10.341838 15.943009  6.813088  1.003075  1.021466  0.618135  1.180167  0.00000000E+00
  201 33.110856 10.344070 15.932988  6.811002  0.995112  1.021513  0.618073  1.180077  0.00000000E+00
  202 33.113149 10.346291 15.922967  6.808921  0.987145  1.021558  0.618012  1.179988  0.00000000E+00
  203 33.115412 10.348501 15.912945  6.806844  0.979174  1.021600  0.617952  1.179902  0.00000000E+00
  204 33.117645 10.350700 15.902924  6.804771  0.971200  1.021639  0.617894  1.179818  0.00000000E+00
  205 33.119850 10.352889 15.892904  6.802703  0.963222  1.021677  0.617837  1.179736  0.00000000E+00
  206 33.122026 10.355068 15.882883  6.800639  0.955241  1.021712  0.617782  1.179655  0.00000000E+00
  207 33.124173 10.357237 15.872862  6.798579  0.947256  1.021745  0.617728  1.179577  0.00000000E+00
  208 33.126293 10.359395 15.862841  6.796523  0.939268  1.021777  0.617675  1.179500  0.00000000E+00
  209 33.128386 10.361544 15.852821  6.794471  0.931276  1.021806  0.617623  1.179425  0.00000000E+00
  210 33.130452 10.363683 15.842800  6.792423  0.923282  1.021834  0.617572  1.179351  0.00000000E+00
  211 33.132492 10.365812 15.832780  6.790378  0.915284  1.021861  0.617522  1.179279  0.00000000E+00
  212 33.134505 10.367932 15.822759  6.788337  0.907282  1.021886  0.617473  1.179208  0.00000000E+00
  213 33.136493 10.370043 15.812739  6.786300  0.899278  1.021910  0.617425  1.179139  0.00000000E+00
  214 33.138456 10.372145 15.802718  6.784266  0.891271  1.021932  0.617378  1.179071  0.00000000E+00
  215 33.140393 10.374237 15.792698  6.782236  0.883260  1.021953  0.617332  1.179004  0.00000000E+00
  216 33.142307 10.376321 15.782678  6.780209  0.875247  1.021973  0.617287  1.178939  0.00000000E+00
  217 33.144196 10.378396 15.772658  6.778186  0.867230  1.021992  0.617243  1.178875  0.00000000E+00
  218 33.146061 10.380462 15.762638  6.776166  0.859211  1.022010  0.617200  1.178813  0.00000000E+00
  219 33.147903 10.382520 15.752618  6.774148  0.851189  1.022026  0.617157  1.178751  0.00000000E+00
  220 33.149722 10.384569 15.742598  6.772135  0.843164  1.022042  0.617116  1.178691  0.00000000E+00
  221 33.151519 10.386610 15.732578  6.770124  0.835136  1.022057  0.617075  1.178631  0.00000000E+00
  222 33.153292 10.388643 15.722559  6.768116  0.827106  1.022071  0.617034  1.178573  0.00000000E+00
  223 33.155044 10.390668 15.712539  6.766111  0.819073  1.022085  0.616995  1.178516  0.00000000E+00
  224 33.156774 10.392685 15.702519  6.764109  0.811037  1.022097  0.616956  1.178459  0.00000000E+00
  225 33.158483 10.394694 15.692500  6.762110  0.802999  1.022109  0.616918  1.178404  0.00000000E+00
  226 33.160171 10.396695 15.682480  6.760114  0.794958  1.022120  0.616880  1.178350  0.00000000E+00
  227 33.161837 10.398689 15.672461  6.758120  0.786915  1.022131  0.616843  1.178296  0.00000000E+00
  228 33.163484 10.400675 15.662441  6.756129  0.778869  1.022140  0.616807  1.178243  0.00000000E+00
  229 33.165110 10.402654 15.652422  6.754141  0.770821  1.022150  0.616771  1.178191  0.00000000E+00
  230 33.166716 10.404626 15.642402  6.752155  0.762770  1.022158  0.616735  1.178140  0.00000000E+00
  231 33.168302 10.406590 15.632383  6.750172  0.754717  1.022167  0.616700  1.178090  0.00000000E+00
  232 33.169870 10.408547 15.622364  6.748191  0.746662  1.022174  0.616666  1.178040  0.00000000E+00
  233 33.171418 10.410497 15.612345  6.746212  0.738604  1.022182  0.616632  1.177991  0.00000000E+00
  234 33.172947 10.412440 15.602326  6.744236  0.730545  1.022188  0.616599  1.177942  0.00000000E+00
  235 33.174458 10.414376 15.592307  6.742262  0.722483  1.022195  0.616566  1.177894  0.00000000E+00
  236 33.175950 10.416305 15.582288  6.740291  0.714419  1.022201  0.616533  1.177847  0.00000000E+00
  237 33.177424 10.418228 15.572269  6.738321  0.706353  1.022206  0.616501  1.177801  0.00000000E+00
  238 33.178881 10.420144 15.562250  6.736354  0.698285  1.022212  0.616469  1.177754  0.00000000E+00
  239 33.180320 10.422053 15.552231  6.734389  0.690214  1.022216  0.616437  1.177709  0.00000000E+00
  240 33.181741 10.423956 15.542212  6.732426  0.682142  1.022221  0.616406  1.177664  0.00000000E+00
  241 33.183146 10.425853 15.532193  6.730465  0.674068  1.022225  0.616375  1.177619  0.00000000E+00
  242 33.184534 10.427743 15.522175  6.728506  0.665992  1.022229  0.616345  1.177575  0.00000000E+00
  243 33.185905 10.429627 15.512156  6.726549  0.657914  1.022233  0.616315  1.177532  0.00000000E+00
  244 33.187260 10.431505 15.502137  6.724593  0.649834  1.022236  0.616285  1.177488  0.00000000E+00
  245 33.188598 10.433376 15.492119  6.722640  0.641753  1.022240  0.616255  1.177445  0.00000000E+00
  246 33.189921 10.435242 15.482100  6.720688  0.633670  1.022243  0.616226  1.177403  0.00000000E+00
  247 33.191228 10.437102 15.472082  6.718738  0.625585  1.022245  0.616197  1.177361  0.00000000E+00
  248 33.192519 10.438956 15.462063  6.716790  0.617498  1.022248  0.616168  1.177319  0.00000000E+00
  249 33.193795 10.440804 15.452045  6.714843  0.609410  1.022250  0.616139  1.177278  0.00000000E+00
  250 33.195056 10.442646 15.442027  6.712898  0.601321  1.022253  0.616111  1.177237  0.00000000E+00
  251 33.196302 10.444483 15.432008  6.710954  0.593229  1.022255  0.616083  1.177196  0.00000000E+00
  252 33.197533 10.446314 15.421990  6.709012  0.585137  1.022256  0.616055  1.177156  0.00000000E+00
  253 33.198750 10.448139 15.411972  6.707071  0.577042  1.022258  0.616027  1.177116  0.00000000E+00
  254 33.199952 10.449959 15.401954  6.705132  0.568947  1.022260  0.615999  1.177076  0.00000000E+00
  255 33.201141 10.451774 15.391936  6.703194  0.560850  1.022261  0.615972  1.177036  0.00000000E+00
  256 33.202315 10.453583 15.381917  6.701257  0.552752  1.022262  0.615945  1.176997  0.00000000E+00
  257 33.203475 10.455386 15.371899  6.699322  0.544652  1.022263  0.615917  1.176958  0.00000000E+00
  258 33.204622 10.457185 15.361881  6.697387  0.536552  1.022264  0.615891  1.176919  0.00000000E+00
  259 33.205756 10.458978 15.351863  6.695455  0.528449  1.022265  0.615864  1.176880  0.00000000E+00
  260 33.206876 10.460766 15.341845  6.693523  0.520346  1.022266  0.615838  1.176842  0.00000000E+00
  261 33.207983 10.462549 15.331828  6.691593  0.512242  1.022267  0.615812  1.176805  0.00000000E+00
  262 33.209077 10.464327 15.321810  6.689664  0.504136  1.022268  0.615786  1.176767  0.00000000E+00
  263 33.210159 10.466100 15.311792  6.687736  0.496029  1.022268  0.615760  1.176730  0.00000000E+00
  264 33.211227 10.467868 15.301774  6.685809  0.487921  1.022269  0.615734  1.176693  0.00000000E+00
  265 33.212284 10.469631 15.291756  6.683883  0.479812  1.022269  0.615709  1.176657  0.00000000E+00
  266 33.213328 10.471389 15.281739  6.681958  0.471702  1.022269  0.615684  1.176620  0.00000000E+00
  267 33.214360 10.473143 15.271721  6.680035  0.463591  1.022269  0.615659  1.176584  0.00000000E+00
  268 33.215380 10.474891 15.261703  6.678112  0.455479  1.022270  0.615634  1.176548  0.00000000E+00
  269 33.216388 10.476635 15.251686  6.676190  0.447366  1.022270  0.615609  1.176512  0.00000000E+00
  270 33.217385 10.478374 15.241668  6.674269  0.439252  1.022270  0.615585  1.176477  0.00000000E+00
  271 33.218370 10.480109 15.231651  6.672349  0.431138  1.022270  0.615560  1.176441  0.00000000E+00
  272 33.219343 10.481839 15.221633  6.670430  0.423022  1.022270  0.615536  1.176406  0.00000000E+00
  273 33.220306 10.483564 15.211616  6.668511  0.414906  1.022270  0.615511  1.176371  0.00000000E+00
  274 33.221257 10.485285 15.201598  6.666593  0.406789  1.022270  0.615487  1.176336  0.00000000E+00
  275 33.222197 10.487001 15.191581  6.664676  0.398671  1.022269  0.615463  1.176301  0.00000000E+00
  276 33.223127 10.488713 15.181564  6.662759  0.390553  1.022269  0.615439  1.176267  0.00000000E+00
  277 33.224045 10.490421 15.171546  6.660843  0.382434  1.022269  0.615415  1.176232  0.00000000E+00
  278 33.224954 10.492124 15.161529  6.658927  0.374315  1.022269  0.615391  1.176198  0.00000000E+00
  279 33.225851 10.493823 15.151512  6.657012  0.366195  1.022268  0.615368  1.176164  0.00000000E+00
  280 33.226739 10.495518 15.141495  6.655098  0.358074  1.022268  0.615344  1.176130  0.00000000E+00
  281 33.227616 10.497208 15.131478  6.653183  0.349953  1.022268  0.615321  1.176096  0.00000000E+00
  282 33.228483 10.498895 15.121461  6.651270  0.341832  1.022267  0.615297  1.176062  0.00000000E+00
  283 33.229341 10.500577 15.111443  6.649356  0.333710  1.022267  0.615274  1.176028  0.00000000E+00
  284 33.230188 10.502255 15.101426  6.647443  0.325588  1.022266  0.615250  1.175995  0.00000000E+00
  285 33.231026 10.503928 15.091409  6.645530  0.317466  1.022266  0.615227  1.175961  0.00000000E+00
  286 33.231854 10.505598 15.081392  6.643617  0.309344  1.022265  0.615204  1.175928  0.00000000E+00
  287 33.232673 10.507264 15.071375  6.641704  0.301221  1.022265  0.615181  1.175894  0.00000000E+00
  288 33.233482 10.508926 15.061359  6.639791  0.293098  1.022264  0.615158  1.175861  0.00000000E+00
  289 33.234282 10.510583 15.051342  6.637879  0.284976  1.022264  0.615135  1.175828  0.00000000E+00
  290 33.235073 10.512237 15.041325  6.635966  0.276853  1.022263  0.615112  1.175795  0.00000000E+00
  291 33.235855 10.513887 15.031308  6.634053  0.268730  1.022263  0.615089  1.175762  0.00000000E+00
  292 33.236628 10.515533 15.021291  6.632141  0.260607  1.022262  0.615066  1.175729  0.00000000E+00
  293 33.237392 10.517175 15.011274  6.630228  0.252485  1.022262  0.615043  1.175696  0.00000000E+00
  294 33.238148 10.518813 15.001258  6.628315  0.244362  1.022261  0.615021  1.175663  0.00000000E+00
  295 33.238895 10.520448 14.991241  6.626402  0.236240  1.022261  0.614998  1.175630  0.00000000E+00
  296 33.239633 10.522079 14.981224  6.624488  0.228118  1.022260  0.614975  1.175598  0.00000000E+00
  297 33.240363 10.523705 14.971208  6.622574  0.219996  1.022259  0.614953  1.175565  0.00000000E+00
  298 33.241085 10.525329 14.961191  6.620660  0.211875  1.022259  0.614930  1.175533  0.00000000E+00
  299 33.241798 10.526948 14.951175  6.618745  0.203754  1.022258  0.614908  1.175500  0.00000000E+00
  300 33.242503 10.528564 14.941158  6.616830  0.195634  1.022257  0.614885  1.175468  0.00000000E+00
  301 33.243201 10.530176 14.931142  6.614914  0.187514  1.022257  0.614863  1.175436  0.00000000E+00
  302 33.243890 10.531785 14.921125  6.612998  0.179394  1.022256  0.614840  1.175403  0.00000000E+00
  303 33.244572 10.533390 14.911109  6.611081  0.171275  1.022256  0.614818  1.175371  0.00000000E+00
  304 33.245246 10.534991 14.901092  6.609163  0.163157  1.022255  0.614796  1.175339  0.00000000E+00
  305 33.245912 10.536589 14.891076  6.607245  0.155040  1.022254  0.614774  1.175307  0.00000000E+00
  306 33.246570 10.538183 14.881059  6.605326  0.146924  1.022254  0.614752  1.175275  0.00000000E+00
  307 33.247222 10.539773 14.871043  6.603406  0.138808  1.022253  0.614730  1.175243  0.00000000E+00
  308 33.247865 10.541361 14.861027  6.601485  0.130693  1.022253  0.614708  1.175212  0.00000000E+00
  309 33.248502 10.542944 14.851011  6.599563  0.122579  1.022252  0.614686  1.175180  0.00000000E+00
  310 33.249131 10.544524 14.840994  6.597640  0.114467  1.022251  0.614664  1.175148  0.00000000E+00
  311 33.249753 10.546101 14.830978  6.595716  0.106355  1.022251  0.614641  1.175116  0.00000000E+00
  312 33.250368 10.547674 14.820962  6.593790  0.098245  1.022250  0.614619  1.175085  0.00000000E+00
  313 33.250976 10.549244 14.810946  6.591863  0.090136  1.022249  0.614597  1.175053  0.00000000E+00
  314 33.251577 10.550810 14.800930  6.589935  0.082028  1.022249  0.614575  1.175021  0.00000000E+00
  315 33.252172 10.552373 14.790914  6.588005  0.073922  1.022248  0.614553  1.174989  0.00000000E+00
  316 33.252759 10.553933 14.780898  6.586074  0.065817  1.022248  0.614531  1.174957  0.00000000E+00
  317 33.253340 10.555489 14.770882  6.584141  0.057714  1.022247  0.614509  1.174925  0.00000000E+00
  318 33.253915 10.557042 14.760866  6.582206  0.049612  1.022246  0.614486  1.174893  0.00000000E+00
  319 33.254482 10.558592 14.750850  6.580270  0.041513  1.022246  0.614464  1.174861  0.00000000E+00
  320 33.255044 10.560138 14.740834  6.578332  0.033414  1.022245  0.614442  1.174829  0.00000000E+00
  321 33.255599 10.561681 14.730818  6.576392  0.025318  1.022245  0.614420  1.174797  0.00000000E+00
  322 33.256148 10.563220 14.720802  6.574450  0.017224  1.022244  0.614397  1.174765  0.00000000E+00
  323 33.256690 10.564757 14.710786  6.572506  0.009132  1.022243  0.614375  1.174733  0.00000000E+00
  324 33.257226 10.566290 14.700770  6.570560  0.001042  1.022243  0.614353  1.174701  0.00000000E+00
  325 33.257757 10.567819 14.690754  6.568612 -0.007046  1.022242  0.614331  1.174669  0.00000000E+00
  326 33.258281 10.569346 14.680739  6.566662 -0.015132  1.022242  0.614309  1.174637  0.00000000E+00
  327 33.258799 10.570869 14.670723  6.564709 -0.023215  1.022241  0.614287  1.174605  0.00000000E+00
  328 33.259312 10.572389 14.660707  6.562754 -0.031296  1.022241  0.614264  1.174573  0.00000000E+00
  329 33.259818 10.573906 14.650691  6.560796 -0.039374  1.022240  0.614242  1.174541  0.00000000E+00
  330 33.260319 10.575419 14.640676  6.558836 -0.047450  1.022239  0.614220  1.174509  0.00000000E+00
  331 33.260814 10.576929 14.630660  6.556873 -0.055523  1.022239  0.614198  1.174478  0.00000000E+00
  332 33.261304 10.578436 14.620644  6.554907 -0.063593  1.022238  0.614176  1.174446  0.00000000E+00
  333 33.261788 10.579940 14.610629  6.552939 -0.071661  1.022238  0.614154  1.174415  0.00000000E+00
  334 33.262266 10.581441 14.600613  6.550967 -0.079725  1.022237  0.614133  1.174383  0.00000000E+00
  335 33.262739 10.582938 14.590598  6.548993 -0.087786  1.022237  0.614111  1.174352  0.00000000E+00
  336 33.263207 10.584432 14.580582  6.547015 -0.095844  1.022236  0.614089  1.174321  0.00000000E+00
  337 33.263669 10.585923 14.570567  6.545034 -0.103899  1.022236  0.614068  1.174289  0.00000000E+00
  338 33.264126 10.587411 14.560551  6.543050 -0.111950  1.022235  0.614046  1.174259  0.00000000E+00
  339 33.264578 10.588895 14.550536  6.541063 -0.119998  1.022235  0.614025  1.174228  0.00000000E+00
  340 33.265024 10.590377 14.540521  6.539072 -0.128042  1.022234  0.614004  1.174197  0.00000000E+00
  341 33.265466 10.591855 14.530505  6.537077 -0.136083  1.022234  0.613983  1.174167  0.00000000E+00
  342 33.265902 10.593330 14.520490  6.535078 -0.144119  1.022233  0.613962  1.174137  0.00000000E+00
  343 33.266334 10.594801 14.510474  6.533076 -0.152151  1.022233  0.613941  1.174107  0.00000000E+00
  344 33.266760 10.596270 14.500459  6.531070 -0.160180  1.022232  0.613920  1.174077  0.00000000E+00
  345 33.267182 10.597735 14.490444  6.529059 -0.168204  1.022232  0.613900  1.174048  0.00000000E+00
  346 33.267599 10.599197 14.480429  6.527045 -0.176223  1.022231  0.613880  1.174018  0.00000000E+00
  347 33.268011 10.600656 14.470413  6.525025 -0.184238  1.022231  0.613860  1.173990  0.00000000E+00
  348 33.268418 10.602112 14.460398  6.523002 -0.192248  1.022230  0.613840  1.173961  0.00000000E+00
  349 33.268821 10.603564 14.450383  6.520973 -0.200253  1.022230  0.613821  1.173933  0.00000000E+00
  350 33.269219 10.605014 14.440368  6.518940 -0.208253  1.022229  0.613801  1.173906  0.00000000E+00
  351 33.269612 10.606460 14.430353  6.516902 -0.216248  1.022229  0.613783  1.173878  0.00000000E+00
  352 33.270001 10.607903 14.420338  6.514859 -0.224238  1.022228  0.613764  1.173851  0.00000000E+00
  353 33.270386 10.609342 14.410322  6.512811 -0.232222  1.022228  0.613746  1.173825  0.00000000E+00
  354 33.270766 10.610779 14.400307  6.510757 -0.240200  1.022228  0.613727  1.173799  0.00000000E+00
  355 33.271142 10.612212 14.390292  6.508697 -0.248173  1.022227  0.613710  1.173773  0.00000000E+00
  356 33.271513 10.613642 14.380277  6.506632 -0.256139  1.022227  0.613692  1.173748  0.00000000E+00
  357 33.271880 10.615068 14.370262  6.504561 -0.264099  1.022226  0.613675  1.173723  0.00000000E+00
  358 33.272243 10.616491 14.360247  6.502483 -0.272053  1.022226  0.613658  1.173698  0.00000000E+00
  359 33.272602 10.617911 14.350232  6.500399 -0.280000  1.022225  0.613641  1.173674  0.00000000E+00
  360 33.272956 10.619328 14.340217  6.498309 -0.287940  1.022225  0.613625  1.173650  0.00000000E+00
  361 33.273306 10.620742 14.330203  6.496212 -0.295874  1.022225  0.613608  1.173626  0.00000000E+00
  362 33.273653 10.622152 14.320188  6.494107 -0.303800  1.022224  0.613592  1.173602  0.00000000E+00
  363 33.273995 10.623558 14.310173  6.491996 -0.311718  1.022224  0.613575  1.173578  0.00000000E+00
  364 33.274333 10.624962 14.300158  6.489876 -0.319630  1.022224  0.613558  1.173554  0.00000000E+00
  365 33.274668 10.626362 14.290143  6.487750 -0.327533  1.022223  0.613541  1.173529  0.00000000E+00
  366 33.274998 10.627758 14.280128  6.485615 -0.335429  1.022223  0.613524  1.173504  0.00000000E+00
  367 33.275325 10.629152 14.270113  6.483471 -0.343317  1.022222  0.613506  1.173477  0.00000000E+00
  368 33.275648 10.630541 14.260099  6.481319 -0.351196  1.022222  0.613487  1.173450  0.00000000E+00
  369 33.275967 10.631928 14.250084  6.479158 -0.359067  1.022222  0.613467  1.173421  0.00000000E+00
  370 33.276282 10.633311 14.240069  6.476988 -0.366930  1.022221  0.613446  1.173390  0.00000000E+00
  371 33.276594 10.634690 14.230055  6.474809 -0.374784  1.022221  0.613423  1.173357  0.00000000E+00
  372 33.276902 10.636066 14.220040  6.472619 -0.382629  1.022221  0.613399  1.173321  0.00000000E+00
  373 33.277206 10.637439 14.210025  6.470419 -0.390465  1.022220  0.613372  1.173283  0.00000000E+00
  374 33.277507 10.638808 14.200011  6.468208 -0.398292  1.022220  0.613343  1.173240  0.00000000E+00
  375 33.277804 10.640173 14.189996  6.465986 -0.406109  1.022220  0.613311  1.173193  0.00000000E+00
  376 33.278098 10.641535 14.179981  6.463753 -0.413917  1.022219  0.613276  1.173142  0.00000000E+00
  377 33.278388 10.642893 14.169967  6.461507 -0.421716  1.022219  0.613237  1.173085  0.00000000E+00
  378 33.278675 10.644248 14.159952  6.459249 -0.429505  1.022219  0.613194  1.173021  0.00000000E+00
  379 33.278958 10.645599 14.149938  6.456977 -0.437283  1.022218  0.613146  1.172951  0.00000000E+00
  380 33.279238 10.646946 14.139923  6.454692 -0.445052  1.022218  0.613093  1.172874  0.00000000E+00
  381 33.279515 10.648290 14.129909  6.452392 -0.452809  1.022218  0.613035  1.172787  0.00000000E+00
  382 33.279788 10.649630 14.119894  6.450078 -0.460556  1.022217  0.612970  1.172692  0.00000000E+00
  383 33.280059 10.650967 14.109880  6.447747 -0.468291  1.022217  0.612898  1.172586  0.00000000E+00
  384 33.280326 10.652299 14.099865  6.445399 -0.476015  1.022217  0.612819  1.172469  0.00000000E+00
  385 33.280589 10.653628 14.089851  6.443034 -0.483726  1.022216  0.612732  1.172341  0.00000000E+00
  386 33.280850 10.654953 14.079837  6.440651 -0.491425  1.022216  0.612636  1.172199  0.00000000E+00
  387 33.281107 10.656274 14.069822  6.438248 -0.499111  1.022216  0.612531  1.172045  0.00000000E+00
  388 33.281362 10.657591 14.059808  6.435826 -0.506785  1.022216  0.612416  1.171877  0.00000000E+00
  389 33.281613 10.658905 14.049794  6.433384 -0.514445  1.022215  0.612292  1.171695  0.00000000E+00
  390 33.281862 10.660214 14.039779  6.430922 -0.522092  1.022215  0.612158  1.171499  0.00000000E+00
  391 33.282107 10.661520 14.029765  6.428440 -0.529726  1.022215  0.612013  1.171290  0.00000000E+00
  392 33.282349 10.662821 14.019751  6.425937 -0.537345  1.022215  0.611859  1.171066  0.00000000E+00
  393 33.282589 10.664119 14.009737  6.423413 -0.544951  1.022214  0.611694  1.170828  0.00000000E+00
  394 33.282825 10.665412 13.999723  6.420867 -0.552541  1.022214  0.611520  1.170576  0.00000000E+00
  395 33.283059 10.666701 13.989708  6.418299 -0.560115  1.022214  0.611337  1.170311  0.00000000E+00
  396 33.283289 10.667987 13.979694  6.415708 -0.567674  1.022213  0.611143  1.170032  0.00000000E+00
  397 33.283517 10.669268 13.969680  6.413094 -0.575215  1.022213  0.610941  1.169740  0.00000000E+00
  398 33.283742 10.670545 13.959666  6.410455 -0.582738  1.022213  0.610729  1.169435  0.00000000E+00
  399 33.283965 10.671817 13.949652  6.407792 -0.590242  1.022213  0.610509  1.169118  0.00000000E+00
  400 33.284184 10.673085 13.939638  6.405102 -0.597725  1.022213  0.610280  1.168789  0.00000000E+00
  401 33.284401 10.674349 13.929624  6.402386 -0.605187  1.022212  0.610044  1.168448  0.00000000E+00
  402 33.284616 10.675609 13.919610  6.399641 -0.612626  1.022212  0.609800  1.168096  0.00000000E+00
  403 33.284827 10.676864 13.909597  6.396868 -0.620040  1.022212  0.609549  1.167734  0.00000000E+00
  404 33.285036 10.678114 13.899583  6.394064 -0.627429  1.022212  0.609292  1.167363  0.00000000E+00
  405 33.285243 10.679360 13.889569  6.391229 -0.634790  1.022211  0.609028  1.166984  0.00000000E+00
  406 33.285446 10.680601 13.879555  6.388361 -0.642121  1.022211  0.608759  1.166596  0.00000000E+00
  407 33.285648 10.681838 13.869542  6.385459 -0.649421  1.022211  0.608485  1.166201  0.00000000E+00
  408 33.285846 10.683069 13.859528  6.382519 -0.656687  1.022211  0.608207  1.165798  0.00000000E+00
  409 33.286043 10.684296 13.849514  6.379540 -0.663916  1.022210  0.607923  1.165389  0.00000000E+00
  410 33.286236 10.685518 13.839501  6.376520 -0.671106  1.022210  0.607636  1.164974  0.00000000E+00
  411 33.286428 10.686734 13.829488  6.373456 -0.678254  1.022210  0.607345  1.164553  0.00000000E+00
  412 33.286616 10.687946 13.819474  6.370345 -0.685358  1.022210  0.607051  1.164128  0.00000000E+00
  413 33.286803 10.689153 13.809455  6.367182 -0.692416  1.022210  0.606753  1.163697  0.00000000E+00
  414 33.286864 10.689549 13.806158  6.366130 -0.694728  1.022210  0.606654  1.163554  0.00000000E+00
  415 33.287045 10.690732 13.796273  6.362939 -0.701622  1.022209  0.606357  1.163124  0.00000000E+00
  416 33.287224 10.691910 13.786389  6.359690 -0.708460  1.022209  0.606057  1.162690  0.00000000E+00
  417 33.287400 10.693082 13.776505  6.356381 -0.715237  1.022209  0.605754  1.162252  0.00000000E+00
  418 33.287574 10.694248 13.766621  6.353005 -0.721949  1.022209  0.605450  1.161812  0.00000000E+00
  419 33.287746 10.695409 13.756737  6.349558 -0.728590  1.022208  0.605145  1.161369  0.00000000E+00
  420 33.287916 10.696563 13.746853  6.346035 -0.735153  1.022208  0.604837  1.160923  0.00000000E+00
  421 33.288083 10.697711 13.736969  6.342427 -0.741633  1.022208  0.604527  1.160474  0.00000000E+00
  422 33.288249 10.698853 13.727086  6.338729 -0.748023  1.022208  0.604215  1.160022  0.00000000E+00
  423 33.288412 10.699987 13.717202  6.334931 -0.754316  1.022208  0.603895  1.159558  0.00000000E+00
  424 33.288573 10.701115 13.707318  6.331044 -0.760523  1.022207  0.603571  1.159088  0.10722171E+04
  425 33.288734 10.702250 13.697306  6.327069 -0.766533  1.022207  0.603572  1.159090  0.17616989E+04
  426 33.288893 10.703377 13.687294  6.323094 -0.772544  1.022207  0.603572  1.159092  0.21276369E+04
  427 33.289050 10.704497 13.677282  6.319119 -0.778554  1.022207  0.603573  1.159094  0.23943650E+04
  428 33.289205 10.705608 13.667270  6.315144 -0.784564  1.022207  0.603573  1.159097  0.26088537E+04
  429 33.289357 10.706712 13.657258  6.311170 -0.790574  1.022207  0.603574  1.159099  0.27901755E+04
  430 33.289508 10.707807 13.647247  6.307195 -0.796584  1.022206  0.603575  1.159101  0.29482166E+04
  431 33.289657 10.708896 13.637235  6.303220 -0.802593  1.022206  0.603575  1.159104  0.30888488E+04
  432 33.289803 10.709976 13.627224  6.299245 -0.808602  1.022206  0.603576  1.159106  0.32154739E+04
  433 33.289948 10.711049 13.617212  6.295270 -0.814612  1.022206  0.603576  1.159108  0.33295946E+04
  434 33.290090 10.712114 13.607201  6.291296 -0.820621  1.022206  0.603577  1.159111  0.34349501E+04
  435 33.290231 10.713172 13.597190  6.287321 -0.826629  1.022206  0.603578  1.159113  0.35329204E+04
  436 33.290369 10.714222 13.587179  6.283346 -0.832638  1.022205  0.603579  1.159116  0.36245743E+04
  437 33.290506 10.715265 13.577168  6.279372 -0.838646  1.022205  0.603579  1.159119  0.37107589E+04
  438 33.290640 10.716300 13.567157  6.275397 -0.844655  1.022205  0.603580  1.159121  0.37921587E+04
  439 33.290773 10.717328 13.557147  6.271422 -0.850663  1.022205  0.603581  1.159124  0.38693360E+04
  440 33.290904 10.718349 13.547136  6.267448 -0.856671  1.022205  0.603582  1.159127  0.39427586E+04
  441 33.291033 10.719362 13.537126  6.263473 -0.862679  1.022205  0.603582  1.159130  0.40128211E+04
  442 33.291161 10.720368 13.527115  6.259499 -0.868686  1.022205  0.603583  1.159133  0.40798594E+04
  443 33.291286 10.721367 13.517105  6.255524 -0.874694  1.022204  0.603584  1.159136  0.41441623E+04
  444 33.291410 10.722359 13.507095  6.251550 -0.880701  1.022204  0.603585  1.159139  0.42059802E+04
  445 33.291531 10.723343 13.497085  6.247575 -0.886708  1.022204  0.603586  1.159142  0.42655317E+04
  446 33.291651 10.724320 13.487075  6.243601 -0.892715  1.022204  0.603586  1.159145  0.43230089E+04
  447 33.291770 10.725291 13.477065  6.239627 -0.898722  1.022204  0.603587  1.159148  0.43785817E+04
  448 33.291886 10.726254 13.467055  6.235653 -0.904729  1.022204  0.603588  1.159152  0.44324012E+04
  449 33.292001 10.727210 13.457046  6.231679 -0.910735  1.022204  0.603589  1.159155  0.44846024E+04
  450 33.292115 10.728160 13.447036  6.227704 -0.916741  1.022204  0.603590  1.159159  0.45353064E+04
  451 33.292226 10.729102 13.437027  6.223730 -0.922748  1.022203  0.603591  1.159162  0.45846224E+04
  452 33.292336 10.730038 13.427017  6.219756 -0.928754  1.022203  0.603592  1.159166  0.46326492E+04
  453 33.292444 10.730966 13.417008  6.215783 -0.934760  1.022203  0.603593  1.159169  0.46794765E+04
  454 33.292551 10.731888 13.406999  6.211809 -0.940765  1.022203  0.603594  1.159173  0.47251859E+04
  455 33.292656 10.732803 13.396990  6.207835 -0.946771  1.022203  0.603595  1.159177  0.47698522E+04
  456 33.292759 10.733712 13.386981  6.203861 -0.952776  1.022203  0.603596  1.159181  0.48135437E+04
  457 33.292861 10.734613 13.376972  6.199888 -0.958782  1.022203  0.603597  1.159185  0.48563248E+04
  458 33.292962 10.735509 13.366963  6.195914 -0.964787  1.022203  0.603598  1.159189  0.48983004E+04
  459 33.293060 10.736397 13.356954  6.191941 -0.970792  1.022203  0.603599  1.159193  0.49394651E+04
  460 33.293158 10.737279 13.346945  6.187967 -0.976797  1.022203  0.603601  1.159197  0.49798687E+04
  461 33.293254 10.738154 13.336937  6.183994 -0.982802  1.022202  0.603602  1.159202  0.50195579E+04
  462 33.293348 10.739023 13.326928  6.180021 -0.988806  1.022202  0.603603  1.159206  0.50585758E+04
  463 33.293441 10.739886 13.316920  6.176048 -0.994811  1.022202  0.603604  1.159211  0.50969627E+04
  464 33.293532 10.740742 13.306912  6.172075 -1.000815  1.022202  0.603605  1.159215  0.51347565E+04
  465 33.293622 10.741592 13.296903  6.168102 -1.006819  1.022202  0.603607  1.159220  0.51719921E+04
  466 33.293711 10.742435 13.286895  6.164129 -1.012823  1.022202  0.603608  1.159225  0.52087028E+04
  467 33.293798 10.743272 13.276887  6.160156 -1.018827  1.022202  0.603609  1.159230  0.52449144E+04
  468 33.293884 10.744103 13.266879  6.156184 -1.024831  1.022202  0.603611  1.159235  0.52806283E+04
  469 33.293969 10.744927 13.256871  6.152211 -1.030835  1.022202  0.603612  1.159240  0.53159120E+04
  470 33.294052 10.745746 13.246863  6.148239 -1.036838  1.022202  0.603613  1.159245  0.53507907E+04
  471 33.294134 10.746558 13.236856  6.144267 -1.042842  1.022202  0.603615  1.159250  0.53852878E+04
  472 33.294215 10.747364 13.226848  6.140295 -1.048845  1.022202  0.603616  1.159255  0.54194257E+04
  473 33.294294 10.748164 13.216840  6.136323 -1.054848  1.022202  0.603618  1.159261  0.54532254E+04
  474 33.294372 10.748958 13.206833  6.132351 -1.060851  1.022202  0.603619  1.159267  0.54867069E+04
  475 33.294449 10.749746 13.196825  6.128379 -1.066854  1.022202  0.603621  1.159272  0.55198889E+04
  476 33.294525 10.750528 13.186818  6.124407 -1.072857  1.022201  0.603622  1.159278  0.55527892E+04
  477 33.294599 10.751304 13.176811  6.120436 -1.078859  1.022201  0.603624  1.159284  0.55854247E+04
  478 33.294672 10.752075 13.166803  6.116464 -1.084862  1.022201  0.603626  1.159290  0.56178115E+04
  479 33.294744 10.752839 13.156796  6.112493 -1.090864  1.022201  0.603627  1.159296  0.56499647E+04
  480 33.294815 10.753598 13.146789  6.108522 -1.096867  1.022201  0.603629  1.159302  0.56818988E+04
  481 33.294885 10.754350 13.136782  6.104551 -1.102869  1.022201  0.603631  1.159309  0.57136274E+04
  482 33.294953 10.755097 13.126775  6.100580 -1.108871  1.022201  0.603633  1.159315  0.57451637E+04
  483 33.295021 10.755839 13.116768  6.096609 -1.114873  1.022201  0.603634  1.159322  0.57765816E+04
  484 33.295087 10.756574 13.106761  6.092639 -1.120875  1.022201  0.603636  1.159329  0.58078324E+04
  485 33.295152 10.757304 13.096755  6.088668 -1.126877  1.022201  0.603638  1.159336  0.58389162E+04
  486 33.295216 10.758029 13.086748  6.084698 -1.132878  1.022201  0.603640  1.159343  0.58698441E+04
  487 33.295279 10.758748 13.076741  6.080728 -1.138880  1.022201  0.603642  1.159350  0.59006268E+04
  488 33.295341 10.759461 13.066735  6.076758 -1.144881  1.022201  0.603644  1.159357  0.59312746E+04
  489 33.295402 10.760169 13.056728  6.072788 -1.150882  1.022201  0.603646  1.159365  0.59617974E+04
  490 33.295462 10.760871 13.046722  6.068818 -1.156883  1.022201  0.603648  1.159373  0.59922049E+04
  491 33.295521 10.761568 13.036715  6.064849 -1.162885  1.022201  0.603650  1.159380  0.60225064E+04
  492 33.295579 10.762260 13.026709  6.060880 -1.168885  1.022201  0.603652  1.159388  0.60527109E+04
  493 33.295636 10.762946 13.016703  6.056911 -1.174886  1.022201  0.603655  1.159396  0.60828269E+04
  494 33.295692 10.763627 13.006697  6.052942 -1.180887  1.022201  0.603657  1.159405  0.61128630E+04
  495 33.295747 10.764302 12.996690  6.048973 -1.186888  1.022201  0.603659  1.159413  0.61428272E+04
  496 33.295802 10.764973 12.986684  6.045004 -1.192888  1.022201  0.603661  1.159422  0.61727273E+04
  497 33.295855 10.765638 12.976678  6.041036 -1.198889  1.022200  0.603664  1.159430  0.62025708E+04
  498 33.295907 10.766298 12.966672  6.037067 -1.204889  1.022200  0.603666  1.159439  0.62323651E+04
  499 33.295959 10.766953 12.956666  6.033099 -1.210889  1.022200  0.603669  1.159448  0.62621173E+04
  500 33.296009 10.767602 12.946661  6.029131 -1.216889  1.022200  0.603671  1.159458  0.62918340E+04
  501 33.296059 10.768247 12.936655  6.025164 -1.222889  1.022200  0.603674  1.159467  0.63215220E+04
  502 33.296108 10.768886 12.926649  6.021196 -1.228889  1.022200  0.603676  1.159477  0.63511875E+04
  503 33.296156 10.769521 12.916643  6.017229 -1.234889  1.022200  0.603679  1.159486  0.63808368E+04
  504 33.296203 10.770150 12.906638  6.013262 -1.240889  1.022200  0.603682  1.159496  0.64104757E+04
  505 33.296249 10.770775 12.896632  6.009295 -1.246888  1.022200  0.603684  1.159507  0.64401099E+04
  506 33.296295 10.771395 12.886627  6.005328 -1.252888  1.022200  0.603687  1.159517  0.64697450E+04
  507 33.296340 10.772009 12.876621  6.001361 -1.258887  1.022200  0.603690  1.159528  0.64993864E+04
  508 33.296384 10.772619 12.866616  5.997400 -1.264433  1.022200  0.604438  1.162289  0.65215571E+04
  509 33.296427 10.773224 12.856610  5.993445 -1.270439  1.022200  0.604446  1.162318  0.65512397E+04
  510 33.296469 10.773823 12.846605  5.989490 -1.276445  1.022200  0.604453  1.162346  0.65809518E+04
  511 33.296511 10.774418 12.836600  5.985534 -1.282451  1.022200  0.604461  1.162375  0.66106969E+04
  512 33.296552 10.775009 12.826595  5.981579 -1.288457  1.022200  0.604469  1.162404  0.66404783E+04
  513 33.296592 10.775594 12.816589  5.977624 -1.294462  1.022200  0.604477  1.162433  0.66702990E+04
  514 33.296632 10.776175 12.806584  5.973669 -1.300467  1.022200  0.604485  1.162461  0.67001620E+04
  515 33.296670 10.776751 12.796579  5.969714 -1.306472  1.022200  0.604492  1.162490  0.67300700E+04
  516 33.296709 10.777323 12.786574  5.965759 -1.312477  1.022200  0.604500  1.162519  0.67600257E+04
  517 33.296746 10.777890 12.776569  5.961804 -1.318481  1.022200  0.604508  1.162548  0.67900315E+04
  518 33.296783 10.778453 12.766564  5.957849 -1.324486  1.022200  0.604516  1.162577  0.68200898E+04
  519 33.296819 10.779011 12.756559  5.953895 -1.330490  1.022200  0.604523  1.162606  0.68502030E+04
  520 33.296854 10.779565 12.746555  5.949940 -1.336494  1.022200  0.604531  1.162635  0.68803740E+04
  521 33.296889 10.780114 12.736550  5.945986 -1.342498  1.022200  0.604539  1.162664  0.69106482E+04
  522 33.296924 10.780659 12.726545  5.942032 -1.348501  1.022200  0.604547  1.162693  0.69409791E+04
  523 33.296957 10.781200 12.716540  5.938078 -1.354505  1.022200  0.604555  1.162722  0.69713676E+04
  524 33.296990 10.781736 12.706536  5.934124 -1.360508  1.022200  0.604563  1.162752  0.70018149E+04
  525 33.297023 10.782268 12.696531  5.930171 -1.366512  1.022200  0.604571  1.162782  0.70323224E+04
  526 33.297054 10.782795 12.686527  5.926217 -1.372515  1.022200  0.604579  1.162812  0.70628913E+04
  527 33.297086 10.783319 12.676522  5.922264 -1.378518  1.022200  0.604587  1.162842  0.70935234E+04
  528 33.297116 10.783838 12.666518  5.918311 -1.384521  1.022200  0.604596  1.162872  0.71242204E+04
  529 33.297146 10.784353 12.656513  5.914358 -1.390524  1.022200  0.604604  1.162903  0.71549842E+04
  530 33.297176 10.784864 12.646509  5.910406 -1.396526  1.022200  0.604612  1.162934  0.71858167E+04
  531 33.297205 10.785370 12.636504  5.906454 -1.402529  1.022200  0.604621  1.162965  0.72167201E+04
  532 33.297233 10.785873 12.626500  5.902502 -1.408532  1.022200  0.604629  1.162997  0.72476966E+04
  533 33.297261 10.786371 12.616496  5.898550 -1.414534  1.022200  0.604638  1.163029  0.72787474E+04
  534 33.297289 10.786866 12.606492  5.894599 -1.420536  1.022200  0.604647  1.163061  0.73098749E+04
  535 33.297316 10.787356 12.596487  5.890647 -1.426539  1.022200  0.604656  1.163094  0.73410835E+04
  536 33.297342 10.787843 12.586483  5.886697 -1.432541  1.022200  0.604664  1.163127  0.73723756E+04
  537 33.297368 10.788325 12.576479  5.882746 -1.438543  1.022200  0.604673  1.163160  0.74037537E+04
  538 33.297394 10.788804 12.566475  5.878796 -1.444545  1.022200  0.604683  1.163194  0.74352203E+04
  539 33.297419 10.789279 12.556471  5.874846 -1.450548  1.022200  0.604692  1.163228  0.74667778E+04
  540 33.297443 10.789750 12.546467  5.870897 -1.456550  1.022200  0.604701  1.163263  0.74984287E+04
  541 33.297467 10.790217 12.536463  5.866948 -1.462552  1.022200  0.604711  1.163298  0.75301753E+04
  542 33.297491 10.790680 12.526459  5.862999 -1.468554  1.022200  0.604720  1.163334  0.75620201E+04
  543 33.297514 10.791139 12.516455  5.859050 -1.474556  1.022200  0.604730  1.163369  0.75939653E+04
  544 33.297537 10.791595 12.506451  5.855102 -1.480557  1.022200  0.604740  1.163406  0.76260132E+04
  545 33.297559 10.792047 12.496448  5.851154 -1.486559  1.022200  0.604750  1.163443  0.76581660E+04
  546 33.297581 10.792495 12.486444  5.847207 -1.492561  1.022200  0.604760  1.163480  0.76904223E+04
  547 33.297602 10.792939 12.476440  5.843260 -1.498563  1.022200  0.604770  1.163517  0.77227865E+04
  548 33.297623 10.793380 12.466436  5.839313 -1.504564  1.022200  0.604780  1.163555  0.77552620E+04
  549 33.297644 10.793817 12.456433  5.835366 -1.510566  1.022200  0.604791  1.163594  0.77878509E+04
  550 33.297664 10.794251 12.446429  5.831420 -1.516567  1.022200  0.604801  1.163633  0.78205551E+04
  551 33.297684 10.794681 12.436425  5.827475 -1.522569  1.022200  0.604812  1.163672  0.78533766E+04
  552 33.297704 10.795108 12.426422  5.823529 -1.528570  1.022200  0.604823  1.163712  0.78863179E+04
  553 33.297723 10.795531 12.416418  5.819584 -1.534571  1.022200  0.604834  1.163752  0.79193846E+04
  554 33.297742 10.795950 12.406415  5.815639 -1.540573  1.022200  0.604844  1.163793  0.79525733E+04
  555 33.297760 10.796366 12.396411  5.811695 -1.546574  1.022200  0.604856  1.163834  0.79858855E+04
  556 33.297778 10.796779 12.386408  5.807751 -1.552575  1.022199  0.604867  1.163875  0.80193226E+04
  557 33.297796 10.797188 12.376405  5.803807 -1.558576  1.022199  0.604878  1.163917  0.80528856E+04
  558 33.297813 10.797594 12.366401  5.799863 -1.564576  1.022199  0.604890  1.163960  0.80865758E+04
  559 33.297830 10.797996 12.356398  5.795920 -1.570577  1.022199  0.604901  1.164003  0.81203894E+04
  560 33.297847 10.798395 12.346395  5.791977 -1.576578  1.022199  0.604913  1.164046  0.81543329E+04
  561 33.297864 10.798791 12.336391  5.788035 -1.582578  1.022199  0.604925  1.164090  0.81884074E+04
  562 33.297880 10.799183 12.326388  5.784093 -1.588579  1.022199  0.604937  1.164134  0.82226142E+04
  563 33.297895 10.799573 12.316385  5.780151 -1.594579  1.022199  0.604949  1.164179  0.82569542E+04
  564 33.297911 10.799959 12.306382  5.776210 -1.600580  1.022199  0.604961  1.164225  0.82914284E+04
  565 33.297926 10.800341 12.296379  5.772269 -1.606580  1.022199  0.604974  1.164271  0.83260381E+04
  566 33.297941 10.800721 12.286375  5.768328 -1.612580  1.022199  0.604986  1.164317  0.83607840E+04
  567 33.297956 10.801097 12.276372  5.764388 -1.618580  1.022199  0.604999  1.164365  0.83956672E+04
  568 33.297970 10.801471 12.266369  5.760448 -1.624580  1.022199  0.605012  1.164412  0.84306887E+04
  569 33.297984 10.801841 12.256366  5.756509 -1.630580  1.022199  0.605025  1.164461  0.84658493E+04
  570 33.297998 10.802208 12.246363  5.752570 -1.636580  1.022199  0.605038  1.164510  0.85011501E+04
  571 33.298011 10.802572 12.236360  5.748631 -1.642580  1.022199  0.605052  1.164560  0.85365915E+04
  572 33.298024 10.802933 12.226357  5.744693 -1.648580  1.022199  0.605065  1.164611  0.85721740E+04
  573 33.298037 10.803290 12.216354  5.740756 -1.654579  1.022199  0.605079  1.164662  0.86078997E+04
  574 33.298050 10.803645 12.206352  5.736819 -1.660579  1.022199  0.605093  1.164714  0.86437698E+04
  575 33.298063 10.803997 12.196349  5.732882 -1.666579  1.022199  0.605108  1.164767  0.86797851E+04
  576 33.298075 10.804346 12.186346  5.728946 -1.672578  1.022199  0.605122  1.164821  0.87159470E+04
  577 33.298087 10.804692 12.176343  5.725010 -1.678578  1.022199  0.605137  1.164876  0.87522565E+04
  578 33.298098 10.805035 12.166340  5.721075 -1.684578  1.022199  0.605152  1.164932  0.87887149E+04
  579 33.298110 10.805375 12.156337  5.717141 -1.690577  1.022199  0.605167  1.164988  0.88253233E+04
  580 33.298121 10.805713 12.146335  5.713207 -1.696577  1.022199  0.605183  1.165046  0.88620832E+04
  581 33.298132 10.806047 12.136332  5.709273 -1.702577  1.022199  0.605199  1.165105  0.88989958E+04
  582 33.298143 10.806379 12.126329  5.705341 -1.708576  1.022199  0.605215  1.165164  0.89360627E+04
  583 33.298154 10.806708 12.116327  5.701408 -1.714576  1.022199  0.605231  1.165225  0.89732853E+04
  584 33.298164 10.807034 12.106324  5.697477 -1.720576  1.022199  0.605248  1.165287  0.90106634E+04
  585 33.298174 10.807357 12.096321  5.693546 -1.726576  1.022199  0.605265  1.165350  0.90481997E+04
  586 33.298184 10.807678 12.086319  5.689616 -1.732576  1.022199  0.605282  1.165414  0.90858970E+04
  587 33.298194 10.807995 12.076316  5.685686 -1.738576  1.022199  0.605300  1.165480  0.91237572E+04
  588 33.298204 10.808311 12.066314  5.681757 -1.744576  1.022199  0.605318  1.165546  0.91617821E+04
  589 33.298213 10.808623 12.056311  5.677829 -1.750576  1.022199  0.605336  1.165614  0.91999737E+04
  590 33.298222 10.808933 12.046309  5.673902 -1.756576  1.022199  0.605355  1.165683  0.92383338E+04
  591 33.298231 10.809240 12.036306  5.669975 -1.762576  1.022199  0.605374  1.165753  0.92768642E+04
  592 33.298240 10.809545 12.026304  5.666049 -1.768577  1.022199  0.605393  1.165825  0.93155669E+04
  593 33.298249 10.809847 12.016301  5.662124 -1.774577  1.022199  0.605413  1.165898  0.93544436E+04
  594 33.298257 10.810146 12.006299  5.658199 -1.780578  1.022199  0.605433  1.165972  0.93934959E+04
  595 33.298266 10.810443 11.996297  5.654275 -1.786578  1.022199  0.605453  1.166048  0.94327255E+04
  596 33.298274 10.810737 11.986294  5.650352 -1.792579  1.022199  0.605474  1.166125  0.94721339E+04
  597 33.298282 10.811029 11.976292  5.646429 -1.798580  1.022199  0.605495  1.166203  0.95117259E+04
  598 33.298290 10.811319 11.966290  5.642508 -1.804580  1.022199  0.605517  1.166283  0.95514991E+04
  599 33.298297 10.811606 11.956287  5.638587 -1.810581  1.022199  0.605539  1.166364  0.95914540E+04
  600 33.298305 10.811890 11.946285  5.634667 -1.816582  1.022199  0.605561  1.166446  0.96315911E+04
  601 33.298312 10.812172 11.936283  5.630747 -1.822583  1.022199  0.605583  1.166530  0.96719112E+04
  602 33.298320 10.812452 11.926281  5.626829 -1.828585  1.022199  0.605606  1.166616  0.97124146E+04
  603 33.298327 10.812729 11.916279  5.622911 -1.834586  1.022199  0.605630  1.166702  0.97531015E+04
  604 33.298334 10.813004 11.906276  5.618993 -1.840587  1.022199  0.605654  1.166791  0.97939722E+04
  605 33.298340 10.813276 11.896274  5.615077 -1.846588  1.022199  0.605678  1.166881  0.98350265E+04
  606 33.298347 10.813546 11.886272  5.611161 -1.852590  1.022199  0.605702  1.166972  0.98762646E+04
  607 33.298354 10.813814 11.876270  5.607247 -1.858591  1.022199  0.605728  1.167065  0.99176862E+04
  608 33.298360 10.814080 11.866268  5.603333 -1.864593  1.022199  0.605753  1.167159  0.99592911E+04
  609 33.298366 10.814343 11.856266  5.599419 -1.870595  1.022199  0.605779  1.167255  0.10001079E+05
  610 33.298372 10.814604 11.846264  5.595507 -1.876597  1.022199  0.605805  1.167353  0.10043051E+05
  611 33.298378 10.814863 11.836262  5.591596 -1.882599  1.022199  0.605832  1.167452  0.10085205E+05
  612 33.298384 10.815119 11.826260  5.587685 -1.888601  1.022199  0.605859  1.167553  0.10127542E+05
  613 33.298390 10.815374 11.816258  5.583775 -1.894603  1.022199  0.605887  1.167656  0.10170062E+05
  614 33.298396 10.815626 11.806256  5.579866 -1.900605  1.022199  0.605915  1.167761  0.10212764E+05
  615 33.298401 10.815876 11.796254  5.575958 -1.906608  1.022199  0.605944  1.167868  0.10255648E+05
  616 33.298407 10.816124 11.786252  5.572051 -1.912610  1.022199  0.605973  1.167976  0.10298714E+05
  617 33.298412 10.816369 11.776250  5.568145 -1.918613  1.022199  0.606003  1.168087  0.10341963E+05
  618 33.298417 10.816613 11.766248  5.564240 -1.924616  1.022199  0.606033  1.168199  0.10385395E+05
  619 33.298422 10.816854 11.756246  5.560336 -1.930619  1.022199  0.606064  1.168314  0.10429010E+05
  620 33.298427 10.817094 11.746244  5.556433 -1.936622  1.022199  0.606096  1.168431  0.10472807E+05
  621 33.298432 10.817331 11.736242  5.552531 -1.942626  1.022199  0.606128  1.168550  0.10516789E+05
  622 33.298437 10.817566 11.726240  5.548630 -1.948629  1.022199  0.606160  1.168671  0.10560954E+05
  623 33.298441 10.817799 11.716239  5.544731 -1.954633  1.022199  0.606193  1.168795  0.10605303E+05
  624 33.298446 10.818031 11.706237  5.540832 -1.960638  1.022199  0.606227  1.168920  0.10649836E+05
  625 33.298451 10.818260 11.696235  5.536935 -1.966642  1.022199  0.606262  1.169049  0.10694555E+05
  626 33.298455 10.818487 11.686233  5.533038 -1.972647  1.022199  0.606297  1.169180  0.10739459E+05
  627 33.298459 10.818712 11.676232  5.529143 -1.978652  1.022199  0.606333  1.169313  0.10784549E+05
  628 33.298463 10.818936 11.666230  5.525249 -1.984658  1.022199  0.606370  1.169449  0.10829826E+05
  629 33.298468 10.819157 11.656228  5.521357 -1.990663  1.022199  0.606407  1.169588  0.10875289E+05
  630 33.298472 10.819376 11.646226  5.517466 -1.996669  1.022199  0.606445  1.169730  0.10920939E+05
  631 33.298476 10.819594 11.636225  5.513576 -2.002676  1.022199  0.606484  1.169874  0.10966777E+05
  632 33.298479 10.819810 11.626223  5.509687 -2.008683  1.022199  0.606524  1.170022  0.11012802E+05
  633 33.298483 10.820023 11.616221  5.505800 -2.014690  1.022199  0.606564  1.170172  0.11059016E+05
  634 33.298487 10.820235 11.606220  5.501914 -2.020698  1.022199  0.606605  1.170326  0.11105418E+05
  635 33.298491 10.820446 11.596218  5.498030 -2.026706  1.022199  0.606647  1.170483  0.11152009E+05
  636 33.298494 10.820654 11.586217  5.494147 -2.032715  1.022199  0.606690  1.170643  0.11198789E+05
  637 33.298498 10.820860 11.576215  5.490266 -2.038724  1.022199  0.606734  1.170806  0.11245758E+05
  638 33.298501 10.821065 11.566213  5.486387 -2.044733  1.022199  0.606779  1.170973  0.11292917E+05
  639 33.298504 10.821268 11.556212  5.482509 -2.050743  1.022199  0.606825  1.171143  0.11340266E+05
  640 33.298508 10.821469 11.546210  5.478632 -2.056754  1.022199  0.606872  1.171317  0.11387806E+05
  641 33.298511 10.821668 11.536209  5.474757 -2.062765  1.022199  0.606919  1.171494  0.11435536E+05
  642 33.298514 10.821866 11.526207  5.470884 -2.068777  1.022199  0.606968  1.171675  0.11483457E+05
  643 33.298517 10.822062 11.516206  5.467013 -2.074789  1.022199  0.607018  1.171860  0.11531568E+05
  644 33.298520 10.822256 11.506204  5.463144 -2.080803  1.022199  0.607068  1.172049  0.11579871E+05
  645 33.298523 10.822449 11.496203  5.459276 -2.086816  1.022199  0.607120  1.172242  0.11628365E+05
  646 33.298526 10.822639 11.486201  5.455410 -2.092831  1.022199  0.607173  1.172440  0.11677051E+05
  647 33.298529 10.822829 11.476200  5.451546 -2.098846  1.022199  0.607227  1.172641  0.11725930E+05
  648 33.298531 10.823016 11.466198  5.447684 -2.104862  1.022199  0.607282  1.172847  0.11775001E+05
  649 33.298534 10.823202 11.456197  5.443824 -2.110878  1.022199  0.607339  1.173057  0.11824266E+05
  650 33.298537 10.823386 11.446196  5.439966 -2.116895  1.022199  0.607396  1.173271  0.11873725E+05
  651 33.298539 10.823569 11.436194  5.436110 -2.122914  1.022199  0.607455  1.173491  0.11923378E+05
  652 33.298542 10.823750 11.426193  5.432257 -2.128933  1.022199  0.607515  1.173715  0.11973226E+05
  653 33.298544 10.823930 11.416191  5.428405 -2.134952  1.022199  0.607576  1.173943  0.12023271E+05
  654 33.298547 10.824108 11.406190  5.424556 -2.140973  1.022199  0.607639  1.174177  0.12073512E+05
  655 33.298549 10.824284 11.396189  5.420708 -2.146995  1.022199  0.607703  1.174415  0.12123952E+05
  656 33.298551 10.824459 11.386187  5.416863 -2.153017  1.022199  0.607768  1.174659  0.12174590E+05
  657 33.298554 10.824632 11.376186  5.413021 -2.159041  1.022199  0.607835  1.174908  0.12225428E+05
  658 33.298556 10.824804 11.366185  5.409180 -2.165065  1.022199  0.607903  1.175162  0.12276468E+05
  659 33.298558 10.824974 11.356184  5.405342 -2.171091  1.022199  0.607972  1.175422  0.12327709E+05
  660 33.298560 10.825143 11.346182  5.401507 -2.177117  1.022199  0.608043  1.175687  0.12379154E+05
  661 33.298562 10.825310 11.336181  5.397674 -2.183145  1.022199  0.608116  1.175958  0.12430804E+05
  662 33.298564 10.825476 11.326180  5.393843 -2.189174  1.022199  0.608189  1.176234  0.12482661E+05
  663 33.298566 10.825641 11.316179  5.390015 -2.195204  1.022199  0.608265  1.176516  0.12534724E+05
  664 33.298568 10.825804 11.306177  5.386190 -2.201234  1.022199  0.608342  1.176804  0.12586996E+05
  665 33.298570 10.825965 11.296176  5.382367 -2.207267  1.022199  0.608421  1.177098  0.12639477E+05
  666 33.298572 10.826126 11.286175  5.378546 -2.213300  1.022199  0.608501  1.177398  0.12692169E+05
  667 33.298574 10.826284 11.276174  5.374729 -2.219334  1.022199  0.608583  1.177704  0.12745072E+05
  668 33.298576 10.826437 11.266489  5.371035 -2.225179  1.022199  0.608663  1.178006  0.12796504E+05
