# DMESTAR Mass Track Snapshot
#
# Model Number:     50  Age (Myr):      0.011
#  Mass (Msun):  1.000 Fe/H (dex):   0.05
#
#---------
   16   75
    1 28.361093  9.798296 12.495077  6.024973 -1.655883  0.000654  0.618411  1.180676  0.34895327E+04
    2 28.411093  9.814963 12.495047  6.024961 -1.655901  0.000734  0.618411  1.180676  0.35346374E+04
    3 28.461093  9.831631 12.495015  6.024948 -1.655920  0.000824  0.618411  1.180676  0.35802889E+04
    4 28.511093  9.848299 12.494980  6.024934 -1.655941  0.000925  0.618411  1.180676  0.36264958E+04
    5 28.561093  9.864968 12.494943  6.024919 -1.655964  0.001037  0.618411  1.180676  0.36732669E+04
    6 28.611093  9.881637 12.494902  6.024903 -1.655988  0.001164  0.618411  1.180676  0.37206104E+04
    7 28.661093  9.898308 12.494858  6.024886 -1.656014  0.001306  0.618411  1.180676  0.37685346E+04
    8 28.711093  9.914978 12.494811  6.024867 -1.656043  0.001465  0.618411  1.180676  0.38170477E+04
    9 28.761093  9.931650 12.494760  6.024847 -1.656073  0.001644  0.618411  1.180676  0.38661575E+04
   10 28.811093  9.948322 12.494705  6.024825 -1.656106  0.001844  0.618411  1.180676  0.39158718E+04
   11 28.861093  9.964994 12.494645  6.024801 -1.656142  0.002069  0.618411  1.180676  0.39661982E+04
   12 28.911093  9.981668 12.494581  6.024775 -1.656181  0.002321  0.618411  1.180676  0.40171442E+04
   13 28.961093  9.998342 12.494511  6.024748 -1.656223  0.002604  0.618411  1.180676  0.40687170E+04
   14 29.011093 10.015017 12.494436  6.024718 -1.656268  0.002921  0.618411  1.180676  0.41209237E+04
   15 29.061093 10.031692 12.494355  6.024686 -1.656316  0.003277  0.618411  1.180676  0.41737715E+04
   16 29.111093 10.048369 12.494267  6.024651 -1.656369  0.003676  0.618411  1.180676  0.42272670E+04
   17 29.161093 10.065046 12.494173  6.024614 -1.656426  0.004123  0.618411  1.180676  0.42814169E+04
   18 29.211093 10.081725 12.494071  6.024573 -1.656487  0.004625  0.618411  1.180676  0.43362276E+04
   19 29.261093 10.098404 12.493961  6.024529 -1.656553  0.005188  0.618411  1.180676  0.43917054E+04
   20 29.311093 10.115085 12.493841  6.024482 -1.656625  0.005819  0.618411  1.180676  0.44478561E+04
   21 29.361093 10.131766 12.493713  6.024431 -1.656702  0.006526  0.618411  1.180676  0.45046855E+04
   22 29.411093 10.148449 12.493574  6.024376 -1.656785  0.007319  0.618411  1.180676  0.45621991E+04
   23 29.461093 10.165134 12.493424  6.024316 -1.656875  0.008208  0.618411  1.180676  0.46204020E+04
   24 29.511093 10.181820 12.493262  6.024252 -1.656972  0.009205  0.618411  1.180676  0.46792990E+04
   25 29.561093 10.198507 12.493087  6.024183 -1.657077  0.010323  0.618411  1.180676  0.47388945E+04
   26 29.611093 10.215196 12.492898  6.024108 -1.657191  0.011575  0.618411  1.180676  0.47991926E+04
   27 29.661093 10.231887 12.492694  6.024027 -1.657313  0.012979  0.618411  1.180677  0.48601969E+04
   28 29.711093 10.248580 12.492474  6.023939 -1.657446  0.014552  0.618411  1.180677  0.49219105E+04
   29 29.761093 10.265275 12.492236  6.023845 -1.657588  0.016316  0.618411  1.180677  0.49843359E+04
   30 29.811093 10.281973 12.491979  6.023743 -1.657743  0.018291  0.618411  1.180677  0.50474753E+04
   31 29.861093 10.298672 12.491701  6.023632 -1.657909  0.020505  0.618411  1.180677  0.51113299E+04
   32 29.911093 10.315375 12.491401  6.023513 -1.658089  0.022985  0.618411  1.180677  0.51759004E+04
   33 29.961093 10.332080 12.491077  6.023385 -1.658284  0.025762  0.618411  1.180677  0.52411867E+04
   34 30.011093 10.348789 12.490727  6.023246 -1.658494  0.028873  0.618411  1.180677  0.53071880E+04
   35 30.061093 10.365501 12.490349  6.023096 -1.658721  0.032357  0.618411  1.180677  0.53739024E+04
   36 30.111093 10.382217 12.489941  6.022934 -1.658966  0.036258  0.618411  1.180678  0.54413271E+04
   37 30.161093 10.398936 12.489500  6.022758 -1.659231  0.040624  0.618411  1.180678  0.55094582E+04
   38 30.211093 10.415660 12.489023  6.022569 -1.659517  0.045512  0.618411  1.180678  0.55782907E+04
   39 30.261093 10.432388 12.488508  6.022365 -1.659826  0.050981  0.618411  1.180678  0.56478183E+04
   40 30.311093 10.449122 12.487951  6.022144 -1.660160  0.057101  0.618412  1.180678  0.57180336E+04
   41 30.361093 10.465860 12.487350  6.021905 -1.660521  0.063946  0.618412  1.180679  0.57889273E+04
   42 30.411093 10.482605 12.486700  6.021647 -1.660911  0.071601  0.618412  1.180679  0.58604890E+04
   43 30.461093 10.499356 12.485998  6.021369 -1.661332  0.080160  0.618412  1.180679  0.59327064E+04
   44 30.511093 10.516113 12.485240  6.021067 -1.661788  0.089726  0.618412  1.180680  0.60055654E+04
   45 30.561093 10.532878 12.484419  6.020742 -1.662280  0.100416  0.618412  1.180680  0.60790502E+04
   46 30.611093 10.549651 12.483533  6.020390 -1.662812  0.112357  0.618412  1.180680  0.61531430E+04
   47 30.661093 10.566432 12.482575  6.020010 -1.663387  0.125692  0.618412  1.180681  0.62278237E+04
   48 30.711093 10.583223 12.481539  6.019598 -1.664009  0.140577  0.618412  1.180681  0.63030702E+04
   49 30.761093 10.600024 12.480419  6.019154 -1.664681  0.157187  0.618412  1.180681  0.63788580E+04
   50 30.811093 10.616836 12.479208  6.018673 -1.665408  0.175713  0.618412  1.180682  0.64551605E+04
   51 30.861093 10.633659 12.477898  6.018153 -1.666194  0.196369  0.618413  1.180683  0.65319484E+04
   52 30.911093 10.650495 12.476482  6.017591 -1.667045  0.219387  0.618413  1.180683  0.66091900E+04
   53 30.961093 10.667345 12.474950  6.016983 -1.667964  0.245025  0.618413  1.180684  0.66868511E+04
   54 31.011093 10.684210 12.473292  6.016325 -1.668959  0.273566  0.618413  1.180684  0.67648953E+04
   55 31.061093 10.701091 12.471499  6.015613 -1.670035  0.305322  0.618413  1.180685  0.68432836E+04
   56 31.111093 10.717990 12.469558  6.014842 -1.671200  0.340632  0.618414  1.180686  0.69219749E+04
   57 31.161093 10.734907 12.467457  6.014008 -1.672461  0.379870  0.618414  1.180687  0.70009259E+04
   58 31.211093 10.751846 12.465183  6.013105 -1.673827  0.423443  0.618414  1.180688  0.70800919E+04
   59 31.261093 10.768806 12.462720  6.012128 -1.675305  0.471795  0.618414  1.180689  0.71594266E+04
   60 31.311093 10.785791 12.460053  6.011069 -1.676906  0.525411  0.618415  1.180690  0.72388831E+04
   61 31.361093 10.802802 12.457163  6.009921 -1.678641  0.584817  0.618415  1.180691  0.73184142E+04
   62 31.411093 10.819842 12.454031  6.008678 -1.680520  0.650584  0.618415  1.180693  0.73979735E+04
   63 31.461093 10.836913 12.450636  6.007330 -1.682558  0.723331  0.618416  1.180694  0.74775164E+04
   64 31.511093 10.854018 12.446954  6.005869 -1.684768  0.803725  0.618416  1.180696  0.75570012E+04
   65 31.561093 10.871160 12.442960  6.004283 -1.687165  0.892488  0.618417  1.180697  0.76363846E+04
   66 31.611093 10.888342 12.438626  6.002563 -1.689766  0.990398  0.618417  1.180699  0.77156533E+04
   67 31.661093 10.905567 12.433920  6.000695 -1.692591  1.098438  0.618418  1.180701  0.77951240E+04
   68 31.711093 10.922831 12.428808  5.998669 -1.695150  1.217412  0.619179  1.183479  0.78616310E+04
   69 31.761093 10.940138 12.423252  5.996472 -1.698490  1.348149  0.619183  1.183493  0.79407396E+04
   70 31.811093 10.957504 12.417210  5.994083 -1.702124  1.491790  0.619187  1.183510  0.80197017E+04
   71 31.861093 10.974934 12.410634  5.991482 -1.706077  1.649450  0.619192  1.183527  0.80985611E+04
   72 31.911093 10.992434 12.403474  5.988650 -1.710383  1.822324  0.619197  1.183546  0.81773872E+04
   73 31.961093 11.010010 12.395670  5.985564 -1.715074  2.011698  0.619203  1.183567  0.82562797E+04
   74 32.011093 11.027669 12.387159  5.982197 -1.720191  2.218956  0.619209  1.183590  0.83353743E+04
   75 32.061093 11.045419 12.377868  5.978523 -1.725777  2.445590  0.619216  1.183614  0.84148485E+04
   76 32.110367 11.063010 12.367868  5.974568 -1.731789  2.689458  0.619223  1.183641  0.84937556E+04
   77 32.155640 11.079266 12.357869  5.970613 -1.737800  2.932893  0.619231  1.183667  0.85669762E+04
   78 32.197471 11.094374 12.347870  5.966658 -1.743812  3.175569  0.619238  1.183694  0.86354742E+04
   79 32.236313 11.108483 12.337870  5.962702 -1.749823  3.417227  0.619245  1.183721  0.87000124E+04
   80 32.272535 11.121718 12.327871  5.958747 -1.755834  3.657661  0.619252  1.183747  0.87612017E+04
   81 32.306439 11.134178 12.317871  5.954792 -1.761845  3.896705  0.619260  1.183774  0.88195364E+04
   82 32.338280 11.145949 12.307872  5.950836 -1.767855  4.134222  0.619267  1.183800  0.88754203E+04
   83 32.368274 11.157102 12.297872  5.946881 -1.773866  4.370098  0.619274  1.183827  0.89291960E+04
   84 32.396602 11.167697 12.287872  5.942925 -1.779876  4.604238  0.619281  1.183853  0.89811302E+04
   85 32.423422 11.177788 12.277873  5.938969 -1.785886  4.836558  0.619289  1.183880  0.90314492E+04
   86 32.448870 11.187419 12.267873  5.935013 -1.791896  5.066988  0.619296  1.183906  0.90803448E+04
   87 32.473063 11.196629 12.257873  5.931057 -1.797906  5.295464  0.619303  1.183932  0.91279786E+04
   88 32.496106 11.205454 12.247874  5.927101 -1.803916  5.521928  0.619310  1.183958  0.91744871E+04
   89 32.518091 11.213924 12.237874  5.923145 -1.809925  5.746329  0.619317  1.183984  0.92199867E+04
   90 32.539097 11.222065 12.227874  5.919189 -1.815935  5.968619  0.619324  1.184010  0.92645765E+04
   91 32.559198 11.229902 12.217875  5.915232 -1.821944  6.188754  0.619331  1.184036  0.93083416E+04
   92 32.578457 11.237456 12.207875  5.911276 -1.827952  6.406693  0.619338  1.184062  0.93513553E+04
   93 32.596933 11.244746 12.197875  5.907319 -1.833961  6.622400  0.619345  1.184087  0.93936812E+04
   94 32.614677 11.251790 12.187875  5.903362 -1.839969  6.835837  0.619352  1.184113  0.94353745E+04
   95 32.631736 11.258603 12.177875  5.899405 -1.845978  7.046972  0.619359  1.184138  0.94764828E+04
   96 32.648154 11.265200 12.167876  5.895448 -1.851986  7.255775  0.619366  1.184163  0.95170454E+04
   97 32.663969 11.271593 12.157876  5.891491 -1.857993  7.462217  0.619373  1.184188  0.95571046E+04
   98 32.679216 11.277795 12.147876  5.887533 -1.864001  7.666272  0.619380  1.184213  0.95966943E+04
   99 32.693929 11.283815 12.137876  5.883576 -1.870009  7.867916  0.619387  1.184238  0.96358448E+04
  100 32.708136 11.289665 12.127877  5.879619 -1.876016  8.067127  0.619393  1.184263  0.96745838E+04
  101 32.721865 11.295352 12.117877  5.875661 -1.882023  8.263886  0.619400  1.184288  0.97129361E+04
  102 32.735142 11.300887 12.107877  5.871704 -1.888030  8.458175  0.619407  1.184312  0.97509247E+04
  103 32.747989 11.306275 12.097877  5.867746 -1.894037  8.649980  0.619414  1.184337  0.97885707E+04
  104 32.760429 11.311525 12.087877  5.863789 -1.900043  8.839286  0.619421  1.184362  0.98258938E+04
  105 32.772481 11.316643 12.077877  5.859831 -1.906050  9.026083  0.619428  1.184387  0.98629120E+04
  106 32.784163 11.321635 12.067878  5.855874 -1.912056  9.210362  0.619434  1.184413  0.98996422E+04
  107 32.795494 11.326507 12.057878  5.851917 -1.918063  9.392115  0.619441  1.184438  0.99361005E+04
  108 32.806489 11.331265 12.047878  5.847959 -1.924069  9.571339  0.619448  1.184463  0.99723025E+04
  109 32.817163 11.335913 12.037878  5.844002 -1.930075  9.748029  0.619455  1.184489  0.10008263E+05
  110 32.827531 11.340456 12.027878  5.840045 -1.936081  9.922185  0.619462  1.184515  0.10043994E+05
  111 32.837605 11.344898 12.017878  5.836088 -1.942087 10.093808  0.619469  1.184541  0.10079510E+05
  112 32.847398 11.349244 12.007879  5.832131 -1.948093 10.262900  0.619477  1.184567  0.10114824E+05
  113 32.856922 11.353498 11.997879  5.828175 -1.954099 10.429464  0.619484  1.184593  0.10149946E+05
  114 32.866187 11.357662 11.987879  5.824218 -1.960105 10.593508  0.619491  1.184620  0.10184891E+05
  115 32.875204 11.361741 11.977879  5.820262 -1.966111 10.755038  0.619499  1.184647  0.10219668E+05
  116 32.883982 11.365738 11.967879  5.816306 -1.972116 10.914063  0.619506  1.184675  0.10254289E+05
  117 32.892531 11.369655 11.957879  5.812350 -1.978122 11.070593  0.619514  1.184702  0.10288765E+05
  118 32.900860 11.373496 11.947880  5.808394 -1.984128 11.224641  0.619521  1.184730  0.10323108E+05
  119 32.908976 11.377264 11.937880  5.804438 -1.990134 11.376220  0.619529  1.184758  0.10357326E+05
  120 32.916887 11.380960 11.927880  5.800483 -1.996140 11.525343  0.619537  1.184787  0.10391430E+05
  121 32.924600 11.384588 11.917880  5.796528 -2.002145 11.672025  0.619545  1.184816  0.10425430E+05
  122 32.932123 11.388149 11.907880  5.792573 -2.008151 11.816285  0.619553  1.184845  0.10459336E+05
  123 32.939463 11.391646 11.897880  5.788618 -2.014157 11.958138  0.619561  1.184875  0.10493156E+05
  124 32.946624 11.395081 11.887880  5.784664 -2.020162 12.097604  0.619569  1.184904  0.10526901E+05
  125 32.953614 11.398456 11.877881  5.780709 -2.026168 12.234702  0.619577  1.184934  0.10560577E+05
  126 32.960439 11.401772 11.867881  5.776755 -2.032174 12.369451  0.619585  1.184965  0.10594194E+05
  127 32.967103 11.405033 11.857881  5.772801 -2.038179 12.501874  0.619594  1.184995  0.10627760E+05
  128 32.973611 11.408238 11.847881  5.768847 -2.044185 12.631992  0.619602  1.185026  0.10661281E+05
  129 32.979969 11.411391 11.837881  5.764894 -2.050190 12.759827  0.619611  1.185057  0.10694764E+05
  130 32.986182 11.414492 11.827881  5.760940 -2.056195 12.885402  0.619619  1.185089  0.10728216E+05
  131 32.992253 11.417543 11.817881  5.756987 -2.062201 13.008740  0.619628  1.185120  0.10761643E+05
  132 32.998188 11.420545 11.807882  5.753033 -2.068206 13.129867  0.619637  1.185152  0.10795051E+05
  133 33.003990 11.423501 11.797882  5.749080 -2.074211 13.248805  0.619645  1.185184  0.10828444E+05
  134 33.009663 11.426410 11.787882  5.745127 -2.080216 13.365581  0.619654  1.185216  0.10861826E+05
  135 33.015211 11.429275 11.777882  5.741174 -2.086221 13.480220  0.619663  1.185248  0.10895204E+05
  136 33.020638 11.432096 11.767882  5.737221 -2.092225 13.592747  0.619672  1.185281  0.10928582E+05
  137 33.025947 11.434875 11.757882  5.733269 -2.098230 13.703187  0.619681  1.185313  0.10961962E+05
  138 33.031142 11.437613 11.747882  5.729316 -2.104234 13.811569  0.619690  1.185346  0.10995350E+05
  139 33.036225 11.440310 11.737883  5.725364 -2.110239 13.917916  0.619699  1.185379  0.11028750E+05
  140 33.041200 11.442969 11.727883  5.721411 -2.116243 14.022257  0.619708  1.185412  0.11062163E+05
  141 33.046070 11.445589 11.717883  5.717459 -2.122247 14.124618  0.619717  1.185446  0.11095594E+05
  142 33.050837 11.448172 11.707883  5.713507 -2.128251 14.225026  0.619726  1.185480  0.11129047E+05
  143 33.055505 11.450719 11.697883  5.709555 -2.134255 14.323508  0.619735  1.185514  0.11162524E+05
  144 33.060075 11.453230 11.687883  5.705603 -2.140258 14.420091  0.619745  1.185548  0.11196028E+05
  145 33.064552 11.455707 11.677883  5.701651 -2.146262 14.514801  0.619754  1.185582  0.11229564E+05
  146 33.068936 11.458149 11.667884  5.697699 -2.152265 14.607665  0.619764  1.185617  0.11263133E+05
  147 33.073230 11.460559 11.657884  5.693748 -2.158269 14.698711  0.619773  1.185652  0.11296740E+05
  148 33.077437 11.462937 11.647884  5.689797 -2.164272 14.787965  0.619783  1.185687  0.11330387E+05
  149 33.081559 11.465283 11.637884  5.685846 -2.170275 14.875456  0.619793  1.185723  0.11364077E+05
  150 33.085598 11.467598 11.627884  5.681895 -2.176278 14.961210  0.619803  1.185760  0.11397815E+05
  151 33.089556 11.469883 11.617884  5.677944 -2.182281 15.045254  0.619813  1.185796  0.11431602E+05
  152 33.093435 11.472139 11.607885  5.673994 -2.188284 15.127615  0.619823  1.185833  0.11465443E+05
  153 33.097237 11.474366 11.597885  5.670043 -2.194287 15.208319  0.619833  1.185871  0.11499340E+05
  154 33.100964 11.476564 11.587885  5.666094 -2.200289 15.287392  0.619844  1.185909  0.11533297E+05
  155 33.104617 11.478735 11.577885  5.662144 -2.206292 15.364862  0.619854  1.185948  0.11567316E+05
  156 33.108199 11.480879 11.567885  5.658195 -2.212295 15.440753  0.619865  1.185988  0.11601401E+05
  157 33.111710 11.482996 11.557885  5.654246 -2.218298 15.515092  0.619876  1.186028  0.11635556E+05
  158 33.115154 11.485087 11.547886  5.650298 -2.224300 15.587905  0.619887  1.186068  0.11669783E+05
  159 33.118530 11.487152 11.537886  5.646349 -2.230303 15.659218  0.619898  1.186110  0.11704087E+05
  160 33.121841 11.489193 11.527886  5.642402 -2.236306 15.729055  0.619910  1.186152  0.11738470E+05
  161 33.125089 11.491209 11.517886  5.638455 -2.242309 15.797442  0.619922  1.186195  0.11772936E+05
  162 33.128274 11.493201 11.507886  5.634508 -2.248312 15.864403  0.619934  1.186239  0.11807489E+05
  163 33.131398 11.495169 11.497886  5.630561 -2.254315 15.929964  0.619946  1.186284  0.11842133E+05
  164 33.134463 11.497115 11.487887  5.626616 -2.260318 15.994150  0.619958  1.186329  0.11876872E+05
  165 33.137469 11.499037 11.477887  5.622670 -2.266321 16.056983  0.619971  1.186376  0.11911709E+05
  166 33.140419 11.500938 11.467887  5.618726 -2.272324 16.118488  0.619984  1.186423  0.11946649E+05
  167 33.143312 11.502816 11.457887  5.614781 -2.278328 16.178689  0.619997  1.186472  0.11981697E+05
  168 33.146151 11.504673 11.447887  5.610838 -2.284331 16.237610  0.620011  1.186521  0.12016858E+05
  169 33.148937 11.506509 11.437887  5.606895 -2.290335 16.295272  0.620025  1.186572  0.12052135E+05
  170 33.151671 11.508324 11.427888  5.602952 -2.296339 16.351700  0.620039  1.186624  0.12087534E+05
  171 33.154353 11.510119 11.417888  5.599010 -2.302343 16.406916  0.620053  1.186676  0.12123059E+05
  172 33.156986 11.511894 11.407888  5.595069 -2.308347 16.460943  0.620068  1.186730  0.12158716E+05
  173 33.159569 11.513649 11.397888  5.591128 -2.314351 16.513801  0.620083  1.186785  0.12194509E+05
  174 33.162104 11.515385 11.387888  5.587188 -2.320355 16.565514  0.620098  1.186841  0.12230443E+05
  175 33.164593 11.517101 11.377889  5.583249 -2.326360 16.616103  0.620114  1.186898  0.12266522E+05
  176 33.167036 11.518800 11.367889  5.579310 -2.332364 16.665588  0.620130  1.186956  0.12302750E+05
  177 33.169433 11.520479 11.357889  5.575371 -2.338369 16.713991  0.620146  1.187016  0.12339132E+05
  178 33.171786 11.522141 11.347889  5.571434 -2.344374 16.761332  0.620162  1.187076  0.12375670E+05
  179 33.174097 11.523785 11.337889  5.567497 -2.350379 16.807633  0.620179  1.187138  0.12412368E+05
  180 33.176364 11.525411 11.327890  5.563560 -2.356384 16.852912  0.620196  1.187201  0.12449229E+05
  181 33.178591 11.527020 11.317890  5.559624 -2.362390 16.897190  0.620214  1.187265  0.12486254E+05
  182 33.180776 11.528612 11.307890  5.555689 -2.368395 16.940485  0.620231  1.187330  0.12523445E+05
  183 33.182922 11.530188 11.297890  5.551755 -2.374401 16.982819  0.620250  1.187396  0.12560804E+05
  184 33.185029 11.531747 11.287891  5.547820 -2.380406 17.024208  0.620268  1.187463  0.12598332E+05
  185 33.187097 11.533290 11.277891  5.543887 -2.386412 17.064672  0.620287  1.187532  0.12636028E+05
  186 33.189128 11.534817 11.267891  5.539954 -2.392418 17.104230  0.620306  1.187601  0.12673894E+05
  187 33.191122 11.536328 11.257891  5.536022 -2.398424 17.142899  0.620325  1.187672  0.12711928E+05
  188 33.193080 11.537824 11.247891  5.532090 -2.404430 17.180696  0.620345  1.187744  0.12750132E+05
  189 33.195002 11.539304 11.237892  5.528159 -2.410436 17.217641  0.620365  1.187818  0.12788505E+05
  190 33.196890 11.540770 11.227892  5.524229 -2.416442 17.253749  0.620385  1.187892  0.12827046E+05
  191 33.198743 11.542221 11.217892  5.520299 -2.422449 17.289037  0.620406  1.187968  0.12865755E+05
  192 33.200564 11.543657 11.207892  5.516370 -2.428455 17.323523  0.620427  1.188045  0.12904633E+05
  193 33.202351 11.545079 11.197893  5.512442 -2.434462 17.357223  0.620448  1.188124  0.12943678E+05
  194 33.204106 11.546486 11.187893  5.508514 -2.440469 17.390153  0.620470  1.188204  0.12982892E+05
  195 33.205830 11.547880 11.177893  5.504587 -2.446476 17.422328  0.620492  1.188285  0.13022274E+05
  196 33.207523 11.549260 11.167893  5.500661 -2.452483 17.453765  0.620515  1.188368  0.13061825E+05
  197 33.209185 11.550626 11.157894  5.496736 -2.458490 17.484478  0.620538  1.188453  0.13101545E+05
  198 33.210818 11.551979 11.147894  5.492811 -2.464498 17.514483  0.620561  1.188539  0.13141435E+05
  199 33.212421 11.553319 11.137894  5.488887 -2.470505 17.543794  0.620585  1.188627  0.13181497E+05
  200 33.213996 11.554645 11.127894  5.484964 -2.476513 17.572426  0.620610  1.188717  0.13221730E+05
  201 33.215542 11.555959 11.117895  5.481042 -2.482522 17.600394  0.620635  1.188808  0.13262136E+05
  202 33.217061 11.557260 11.107895  5.477121 -2.488530 17.627711  0.620660  1.188902  0.13302717E+05
  203 33.218553 11.558549 11.097895  5.473201 -2.494539 17.654390  0.620686  1.188997  0.13343473E+05
  204 33.220018 11.559825 11.087895  5.469282 -2.500548 17.680447  0.620713  1.189094  0.13384406E+05
  205 33.221457 11.561089 11.077896  5.465364 -2.506558 17.705893  0.620740  1.189194  0.13425517E+05
  206 33.222870 11.562341 11.067896  5.461447 -2.512567 17.730743  0.620767  1.189295  0.13466808E+05
  207 33.224258 11.563581 11.057896  5.457531 -2.518578 17.755008  0.620796  1.189399  0.13508278E+05
  208 33.225621 11.564809 11.047897  5.453616 -2.524588 17.778701  0.620825  1.189505  0.13549931E+05
  209 33.226960 11.566026 11.037897  5.449702 -2.530599 17.801835  0.620854  1.189613  0.13591766E+05
  210 33.228275 11.567231 11.027897  5.445790 -2.536611 17.824422  0.620884  1.189724  0.13633784E+05
  211 33.229567 11.568425 11.017897  5.441878 -2.542623 17.846474  0.620915  1.189837  0.13675988E+05
  212 33.230836 11.569608 11.007898  5.437968 -2.548635 17.868002  0.620947  1.189953  0.13718376E+05
  213 33.232082 11.570780 10.997898  5.434059 -2.554648 17.889018  0.620979  1.190071  0.13760951E+05
  214 33.233306 11.571941 10.987898  5.430152 -2.560661 17.909533  0.621012  1.190192  0.13803713E+05
  215 33.234508 11.573091 10.977899  5.426246 -2.566675 17.929558  0.621046  1.190316  0.13846662E+05
  216 33.235688 11.574231 10.967899  5.422341 -2.572690 17.949104  0.621080  1.190443  0.13889799E+05
  217 33.236848 11.575360 10.957899  5.418438 -2.578705 17.968181  0.621115  1.190573  0.13933124E+05
  218 33.237987 11.576478 10.947900  5.414536 -2.584721 17.986800  0.621152  1.190706  0.13976637E+05
  219 33.239106 11.577587 10.937900  5.410636 -2.590737 18.004972  0.621189  1.190842  0.14020339E+05
  220 33.240204 11.578685 10.927900  5.406738 -2.596754 18.022705  0.621227  1.190981  0.14064229E+05
  221 33.241284 11.579773 10.917901  5.402841 -2.602772 18.040011  0.621265  1.191124  0.14108308E+05
  222 33.242344 11.580851 10.907901  5.398945 -2.608791 18.056897  0.621305  1.191270  0.14152575E+05
  223 33.243385 11.581920 10.897901  5.395052 -2.614810 18.073375  0.621346  1.191419  0.14197031E+05
  224 33.244407 11.582979 10.887902  5.391160 -2.620830 18.089453  0.621387  1.191573  0.14241675E+05
  225 33.245411 11.584028 10.877902  5.387270 -2.626851 18.105140  0.621430  1.191730  0.14286506E+05
  226 33.246398 11.585068 10.867903  5.383382 -2.632873 18.120446  0.621474  1.191890  0.14331525E+05
  227 33.247367 11.586099 10.857903  5.379496 -2.638896 18.135377  0.621519  1.192055  0.14376732E+05
  228 33.248318 11.587120 10.847903  5.375611 -2.644920 18.149945  0.621565  1.192224  0.14422125E+05
  229 33.249253 11.588132 10.837904  5.371729 -2.650944 18.164155  0.621612  1.192397  0.14467705E+05
  230 33.250171 11.589135 10.827904  5.367849 -2.656970 18.178018  0.621660  1.192575  0.14513472E+05
  231 33.251072 11.590129 10.817904  5.363971 -2.662996 18.191540  0.621709  1.192757  0.14559425E+05
  232 33.251958 11.591115 10.807905  5.360096 -2.669024 18.204730  0.621760  1.192944  0.14605565E+05
  233 33.252827 11.592091 10.797905  5.356222 -2.675053 18.217595  0.621812  1.193135  0.14651891E+05
  234 33.253681 11.593059 10.787906  5.352351 -2.681083 18.230143  0.621865  1.193331  0.14698405E+05
  235 33.254520 11.594019 10.777906  5.348482 -2.687115 18.242380  0.621920  1.193532  0.14745107E+05
  236 33.255344 11.594970 10.767906  5.344616 -2.693147 18.254316  0.621976  1.193739  0.14791997E+05
  237 33.256153 11.595912 10.757907  5.340752 -2.699181 18.265955  0.622033  1.193950  0.14839076E+05
  238 33.256947 11.596847 10.747907  5.336891 -2.705216 18.277306  0.622092  1.194167  0.14886346E+05
  239 33.257728 11.597773 10.737908  5.333033 -2.711253 18.288375  0.622153  1.194389  0.14933807E+05
  240 33.258494 11.598691 10.727908  5.329177 -2.717290 18.299168  0.622215  1.194617  0.14981463E+05
  241 33.259246 11.599601 10.717909  5.325324 -2.723330 18.309693  0.622278  1.194851  0.15029313E+05
  242 33.259985 11.600503 10.707909  5.321473 -2.729371 18.319955  0.622343  1.195091  0.15077360E+05
  243 33.260711 11.601397 10.697909  5.317626 -2.735413 18.329961  0.622410  1.195337  0.15125607E+05
  244 33.261424 11.602284 10.687910  5.313782 -2.741457 18.339716  0.622478  1.195589  0.15174054E+05
  245 33.262124 11.603163 10.677910  5.309940 -2.747503 18.349227  0.622548  1.195847  0.15222703E+05
  246 33.262811 11.604034 10.667911  5.306102 -2.753550 18.358500  0.622620  1.196112  0.15271557E+05
  247 33.263486 11.604898 10.657911  5.302267 -2.759599 18.367539  0.622693  1.196383  0.15320617E+05
  248 33.264149 11.605754 10.647912  5.298435 -2.765650 18.376351  0.622769  1.196661  0.15369883E+05
  249 33.264799 11.606603 10.637912  5.294606 -2.771702 18.384942  0.622846  1.196946  0.15419356E+05
  250 33.265439 11.607444 10.627913  5.290781 -2.777757 18.393316  0.622925  1.197237  0.15469037E+05
  251 33.266066 11.608279 10.617913  5.286959 -2.783813 18.401478  0.623005  1.197536  0.15518924E+05
  252 33.266682 11.609106 10.607914  5.283140 -2.789871 18.409434  0.623088  1.197842  0.15569016E+05
  253 33.267287 11.609926 10.597914  5.279325 -2.795931 18.417189  0.623173  1.198155  0.15619312E+05
  254 33.267881 11.610739 10.587915  5.275513 -2.801993 18.424747  0.623260  1.198476  0.15669807E+05
  255 33.268465 11.611546 10.577915  5.271705 -2.808057 18.432114  0.623349  1.198804  0.15720499E+05
  256 33.269037 11.612345 10.567916  5.267901 -2.814124 18.439293  0.623439  1.199140  0.15771383E+05
  257 33.269600 11.613138 10.557916  5.264100 -2.820192 18.446290  0.623533  1.199485  0.15822452E+05
  258 33.270152 11.613924 10.547917  5.260304 -2.826263 18.453109  0.623628  1.199837  0.15873702E+05
  259 33.270694 11.614703 10.537917  5.256511 -2.832336 18.459755  0.623725  1.200197  0.15925125E+05
  260 33.271226 11.615475 10.527918  5.252722 -2.838411 18.466230  0.623825  1.200566  0.15976713E+05
  261 33.271749 11.616242 10.517918  5.248938 -2.844489 18.472541  0.623927  1.200944  0.16028458E+05
  262 33.272262 11.617001 10.507919  5.245158 -2.850569 18.478690  0.624031  1.201331  0.16080353E+05
  263 33.272766 11.617755 10.497919  5.241382 -2.856652 18.484681  0.624138  1.201726  0.16132387E+05
  264 33.273260 11.618502 10.487920  5.237610 -2.862737 18.490520  0.624247  1.202131  0.16184553E+05
  265 33.273746 11.619242 10.477921  5.233844 -2.868826 18.496208  0.624359  1.202546  0.16236840E+05
  266 33.274222 11.619977 10.467921  5.230081 -2.874917 18.501751  0.624473  1.202970  0.16289242E+05
  267 33.274690 11.620705 10.457922  5.226324 -2.881011 18.507151  0.624590  1.203404  0.16341748E+05
  268 33.275149 11.621427 10.447922  5.222572 -2.887108 18.512412  0.624710  1.203849  0.16394350E+05
  269 33.275600 11.622144 10.437923  5.218825 -2.893209 18.517538  0.624832  1.204304  0.16447041E+05
  270 33.276043 11.622854 10.427923  5.215083 -2.899312 18.522532  0.624958  1.204770  0.16499814E+05
  271 33.276477 11.623558 10.417924  5.211347 -2.905420 18.527397  0.625086  1.205247  0.16552661E+05
  272 33.276904 11.624257 10.407925  5.207617 -2.911531 18.532137  0.625218  1.205736  0.16605576E+05
  273 33.277323 11.624949 10.397925  5.203892 -2.917645 18.536754  0.625352  1.206236  0.16658555E+05
  274 33.277734 11.625636 10.387926  5.200173 -2.923764 18.541252  0.625490  1.206748  0.16711593E+05
  275 33.278137 11.626318 10.377927  5.196460 -2.929886 18.545634  0.625631  1.207272  0.16764685E+05
  276 33.278533 11.626993 10.367927  5.192754 -2.936013 18.549902  0.625775  1.207809  0.16817828E+05
  277 33.278922 11.627664 10.357928  5.189054 -2.942144 18.554060  0.625922  1.208358  0.16871022E+05
  278 33.279303 11.628328 10.347928  5.185361 -2.948279 18.558109  0.626073  1.208921  0.16924263E+05
  279 33.279677 11.628987 10.337929  5.181675 -2.954419 18.562054  0.626227  1.209497  0.16977552E+05
  280 33.280045 11.629641 10.327930  5.177996 -2.960564 18.565897  0.626385  1.210086  0.17030889E+05
  281 33.280406 11.630290 10.317930  5.174324 -2.966714 18.569639  0.626547  1.210689  0.17084275E+05
  282 33.280760 11.630933 10.307931  5.170659 -2.972868 18.573285  0.626712  1.211307  0.17137712E+05
  283 33.281107 11.631571 10.297932  5.167002 -2.979028 18.576835  0.626881  1.211938  0.17191204E+05
  284 33.281448 11.632203 10.287932  5.163353 -2.985194 18.580294  0.627054  1.212585  0.17244754E+05
  285 33.281783 11.632831 10.277933  5.159711 -2.991364 18.583662  0.627231  1.213246  0.17298366E+05
  286 33.282111 11.633454 10.267934  5.156078 -2.997541 18.586942  0.627412  1.213922  0.17352047E+05
  287 33.282433 11.634071 10.257934  5.152452 -3.003723 18.590137  0.627596  1.214613  0.17405804E+05
  288 33.282749 11.634683 10.247935  5.148836 -3.009911 18.593249  0.627785  1.215320  0.17459643E+05
  289 33.283060 11.635291 10.237936  5.145227 -3.016105 18.596279  0.627978  1.216043  0.17513573E+05
  290 33.283364 11.635894 10.227936  5.141627 -3.022306 18.599231  0.628175  1.216781  0.17567605E+05
  291 33.283663 11.636492 10.217937  5.138036 -3.028512 18.602105  0.628376  1.217535  0.17621748E+05
  292 33.283956 11.637085 10.207938  5.134454 -3.034726 18.604904  0.628581  1.218305  0.17676014E+05
  293 33.284244 11.637673 10.197938  5.130881 -3.040945 18.607631  0.628790  1.219091  0.17730417E+05
  294 33.284526 11.638257 10.187939  5.127317 -3.047172 18.610286  0.629003  1.219893  0.17784970E+05
  295 33.284803 11.638836 10.177940  5.123763 -3.053405 18.612871  0.629221  1.220712  0.17839687E+05
  296 33.285075 11.639410 10.167941  5.120217 -3.059646 18.615389  0.629443  1.221547  0.17894585E+05
  297 33.285342 11.639980 10.157941  5.116681 -3.065893 18.617841  0.629669  1.222398  0.17949681E+05
  298 33.285604 11.640545 10.147942  5.113155 -3.072147 18.620229  0.629899  1.223266  0.18004992E+05
  299 33.285861 11.641106 10.137943  5.109638 -3.078409 18.622554  0.630133  1.224150  0.18060539E+05
  300 33.286112 11.641662 10.127943  5.106130 -3.084678 18.624818  0.630372  1.225051  0.18116342E+05
  301 33.286360 11.642215 10.117944  5.102632 -3.090954 18.627023  0.630614  1.225968  0.18172422E+05
  302 33.286602 11.642762 10.107945  5.099144 -3.097238 18.629170  0.630861  1.226901  0.18228801E+05
  303 33.286840 11.643306 10.097946  5.095666 -3.103529 18.631261  0.631112  1.227850  0.18285504E+05
  304 33.287073 11.643845 10.087946  5.092197 -3.109827 18.633297  0.631367  1.228815  0.18342554E+05
  305 33.287302 11.644380 10.077947  5.088738 -3.116133 18.635280  0.631626  1.229796  0.18399977E+05
  306 33.287527 11.644911 10.067948  5.085288 -3.122447 18.637211  0.631889  1.230793  0.18457800E+05
  307 33.287747 11.645438 10.057949  5.081848 -3.128768 18.639091  0.632155  1.231805  0.18516050E+05
  308 33.287964 11.645961 10.047949  5.078417 -3.135097 18.640921  0.632426  1.232832  0.18574755E+05
  309 33.288176 11.646479 10.037950  5.074996 -3.141433 18.642704  0.632700  1.233874  0.18633944E+05
  310 33.288384 11.646994 10.027951  5.071585 -3.147777 18.644440  0.632978  1.234931  0.18693648E+05
  311 33.288588 11.647505 10.017951  5.068182 -3.154128 18.646130  0.633259  1.236002  0.18753896E+05
  312 33.288788 11.648012 10.007952  5.064789 -3.160487 18.647776  0.633544  1.237088  0.18814720E+05
  313 33.288984 11.648515  9.997953  5.061405 -3.166853 18.649378  0.633832  1.238187  0.18876152E+05
  314 33.289177 11.649014  9.987954  5.058029 -3.173226 18.650938  0.634123  1.239299  0.18938223E+05
  315 33.289366 11.649509  9.977954  5.054663 -3.179607 18.652458  0.634418  1.240425  0.19000968E+05
  316 33.289551 11.650001  9.967955  5.051304 -3.185994 18.653937  0.634716  1.241563  0.19064418E+05
  317 33.289733 11.650489  9.957956  5.047955 -3.192389 18.655377  0.635016  1.242713  0.19128609E+05
  318 33.289911 11.650973  9.947956  5.044613 -3.198791 18.656780  0.635319  1.243875  0.19193573E+05
  319 33.290086 11.651453  9.937957  5.041279 -3.205199 18.658145  0.635625  1.245048  0.19259344E+05
  320 33.290257 11.651930  9.927958  5.037953 -3.211614 18.659475  0.635933  1.246231  0.19325958E+05
  321 33.290425 11.652404  9.917959  5.034635 -3.218035 18.660770  0.636244  1.247425  0.19393448E+05
  322 33.290590 11.652873  9.907959  5.031324 -3.224463 18.662030  0.636557  1.248628  0.19461849E+05
  323 33.290752 11.653340  9.897960  5.028019 -3.230896 18.663257  0.636872  1.249841  0.19531194E+05
  324 33.290911 11.653802  9.887961  5.024722 -3.237336 18.664452  0.637189  1.251061  0.19601519E+05
  325 33.291066 11.654262  9.877961  5.021431 -3.243781 18.665615  0.637508  1.252290  0.19672856E+05
  326 33.291219 11.654718  9.867962  5.018145 -3.250232 18.666747  0.637828  1.253526  0.19745240E+05
  327 33.291368 11.655170  9.857963  5.014866 -3.256688 18.667850  0.638149  1.254769  0.19818703E+05
  328 33.291515 11.655619  9.847963  5.011592 -3.263149 18.668923  0.638472  1.256017  0.19893278E+05
  329 33.291659 11.656065  9.837964  5.008323 -3.269614 18.669968  0.638796  1.257271  0.19968997E+05
  330 33.291800 11.656508  9.827965  5.005058 -3.276084 18.670986  0.639121  1.258530  0.20045891E+05
  331 33.291938 11.656947  9.817965  5.001798 -3.282558 18.671976  0.639446  1.259793  0.20123991E+05
  332 33.292074 11.657383  9.807966  4.998542 -3.289036 18.672940  0.639772  1.261059  0.20203327E+05
  333 33.292207 11.657816  9.797967  4.995289 -3.295518 18.673879  0.640099  1.262328  0.20283926E+05
  334 33.292337 11.658245  9.787967  4.992040 -3.302003 18.674793  0.640425  1.263598  0.20365817E+05
  335 33.292465 11.658672  9.777968  4.988793 -3.308491 18.675682  0.640752  1.264871  0.20449025E+05
  336 33.292590 11.659095  9.767969  4.985549 -3.314981 18.676548  0.641078  1.266143  0.20533576E+05
  337 33.292713 11.659515  9.757969  4.982307 -3.321474 18.677391  0.641405  1.267416  0.20619492E+05
  338 33.292834 11.659932  9.747970  4.979066 -3.327969 18.678211  0.641730  1.268688  0.20706797E+05
  339 33.292952 11.660346  9.737971  4.975826 -3.334465 18.679010  0.642055  1.269958  0.20795509E+05
  340 33.293068 11.660757  9.727971  4.972587 -3.340963 18.679787  0.642379  1.271227  0.20885648E+05
  341 33.293181 11.661165  9.717972  4.969348 -3.347461 18.680544  0.642702  1.272492  0.20977229E+05
  342 33.293293 11.661570  9.707972  4.966109 -3.353960 18.681280  0.643024  1.273754  0.21070266E+05
  343 33.293402 11.661972  9.697973  4.962869 -3.360459 18.681997  0.643344  1.275012  0.21164772E+05
  344 33.293509 11.662371  9.687974  4.959628 -3.366958 18.682694  0.643663  1.276265  0.21260755E+05
  345 33.293614 11.662767  9.677974  4.956385 -3.373456 18.683373  0.643980  1.277512  0.21358223E+05
  346 33.293717 11.663160  9.667975  4.953140 -3.379953 18.684034  0.644296  1.278754  0.21457179E+05
  347 33.293818 11.663550  9.657975  4.949893 -3.386449 18.684677  0.644609  1.279988  0.21557624E+05
  348 33.293917 11.663938  9.647976  4.946643 -3.392943 18.685303  0.644920  1.281216  0.21659557E+05
  349 33.294013 11.664322  9.637977  4.943390 -3.399435 18.685911  0.645229  1.282435  0.21762972E+05
  350 33.294108 11.664704  9.627977  4.940133 -3.405925 18.686504  0.645535  1.283646  0.21867861E+05
  351 33.294202 11.665083  9.617978  4.936872 -3.412412 18.687081  0.645839  1.284848  0.21974211E+05
  352 33.294293 11.665459  9.607978  4.933606 -3.418895 18.687642  0.646140  1.286041  0.22082009E+05
  353 33.294382 11.665832  9.597979  4.930336 -3.425375 18.688187  0.646439  1.287224  0.22191233E+05
  354 33.294470 11.666202  9.587979  4.927060 -3.431850 18.688719  0.646734  1.288396  0.22301861E+05
  355 33.294556 11.666570  9.577980  4.923778 -3.438322 18.689235  0.647027  1.289558  0.22413866E+05
  356 33.294640 11.666935  9.567980  4.920490 -3.444788 18.689738  0.647317  1.290708  0.22527218E+05
  357 33.294723 11.667297  9.557981  4.917196 -3.451250 18.690227  0.647603  1.291847  0.22641881E+05
  358 33.294804 11.667657  9.547981  4.913895 -3.457706 18.690703  0.647886  1.292975  0.22757816E+05
  359 33.294883 11.668014  9.537982  4.910587 -3.464157 18.691166  0.648166  1.294090  0.22874982E+05
  360 33.294961 11.668368  9.527982  4.907271 -3.470602 18.691616  0.648443  1.295193  0.22993330E+05
  361 33.295037 11.668719  9.517983  4.903948 -3.477040 18.692054  0.648716  1.296284  0.23112811E+05
  362 33.295112 11.669068  9.507983  4.900618 -3.483472 18.692480  0.648986  1.297363  0.23233370E+05
  363 33.295185 11.669414  9.497984  4.897279 -3.489897 18.692895  0.649253  1.298429  0.23354949E+05
  364 33.295257 11.669758  9.487984  4.893932 -3.496316 18.693298  0.649516  1.299483  0.23477487E+05
  365 33.295327 11.670099  9.477985  4.890576 -3.502727 18.693690  0.649777  1.300524  0.23600920E+05
  366 33.295396 11.670437  9.467985  4.887212 -3.509131 18.694071  0.650033  1.301554  0.23725179E+05
  367 33.295463 11.670773  9.457986  4.883839 -3.515527 18.694442  0.650287  1.302571  0.23850194E+05
  368 33.295529 11.671106  9.447986  4.880458 -3.521916 18.694802  0.650538  1.303576  0.23975894E+05
  369 33.295594 11.671437  9.437987  4.877068 -3.528297 18.695153  0.650785  1.304570  0.24102202E+05
  370 33.295658 11.671765  9.427987  4.873669 -3.534671 18.695494  0.651029  1.305553  0.24229044E+05
  371 33.295720 11.672091  9.417988  4.870261 -3.541036 18.695825  0.651271  1.306524  0.24356340E+05
  372 33.295781 11.672414  9.407988  4.866845 -3.547394 18.696148  0.651510  1.307486  0.24484014E+05
  373 33.295841 11.672734  9.397989  4.863420 -3.553744 18.696461  0.651746  1.308438  0.24611985E+05
  374 33.295899 11.673052  9.387989  4.859987 -3.560086 18.696766  0.651980  1.309380  0.24740176E+05
  375 33.295957 11.673368  9.377989  4.856546 -3.566420 18.697062  0.652211  1.310314  0.24868506E+05
  376 33.296013 11.673681  9.367990  4.853096 -3.572747 18.697350  0.652441  1.311239  0.24996899E+05
  377 33.296068 11.673992  9.357990  4.849639 -3.579066 18.697630  0.652668  1.312158  0.25125277E+05
  378 33.296122 11.674300  9.347991  4.846174 -3.585377 18.697903  0.652894  1.313069  0.25253566E+05
  379 33.296175 11.674606  9.337991  4.842701 -3.591682 18.698167  0.653118  1.313975  0.25381693E+05
  380 33.296227 11.674909  9.327992  4.839222 -3.597979 18.698424  0.653340  1.314876  0.25509587E+05
  381 33.296277 11.675210  9.317992  4.835736 -3.604270 18.698674  0.653562  1.315774  0.25637181E+05
  382 33.296327 11.675508  9.307993  4.832243 -3.610554 18.698917  0.653782  1.316667  0.25764408E+05
  383 33.296376 11.675805  9.297993  4.828745 -3.616832 18.699154  0.654002  1.317559  0.25891208E+05
  384 33.296423 11.676098  9.287993  4.825241 -3.623104 18.699383  0.654221  1.318450  0.26017521E+05
  385 33.296470 11.676390  9.277994  4.821733 -3.629370 18.699606  0.654441  1.319340  0.26143293E+05
  386 33.296516 11.676679  9.267994  4.818219 -3.635631 18.699823  0.654660  1.320231  0.26268474E+05
  387 33.296561 11.676966  9.257995  4.814702 -3.641886 18.700034  0.654879  1.321124  0.26393015E+05
  388 33.296605 11.677250  9.247995  4.811181 -3.648138 18.700239  0.655100  1.322020  0.26516873E+05
  389 33.296648 11.677533  9.237996  4.807656 -3.654384 18.700438  0.655321  1.322920  0.26640009E+05
  390 33.296690 11.677813  9.227996  4.804129 -3.660628 18.700631  0.655543  1.323825  0.26762388E+05
  391 33.296731 11.678090  9.217997  4.800600 -3.666867 18.700819  0.655766  1.324736  0.26883978E+05
  392 33.296772 11.678366  9.207997  4.797070 -3.673104 18.701002  0.655991  1.325655  0.27004751E+05
  393 33.296812 11.678639  9.197998  4.793539 -3.679338 18.701179  0.656218  1.326582  0.27124682E+05
  394 33.296850 11.678910  9.187998  4.790007 -3.685570 18.701352  0.656447  1.327518  0.27243751E+05
  395 33.296888 11.679179  9.177998  4.786475 -3.691801 18.701519  0.656679  1.328465  0.27361941E+05
  396 33.296926 11.679445  9.167999  4.782944 -3.698030 18.701682  0.656913  1.329423  0.27479237E+05
  397 33.296962 11.679710  9.157999  4.779415 -3.704258 18.701840  0.657150  1.330395  0.27595629E+05
  398 33.296998 11.679972  9.148000  4.775887 -3.710487 18.701994  0.657390  1.331380  0.27711109E+05
  399 33.297033 11.680232  9.138000  4.772361 -3.716715 18.702143  0.657634  1.332380  0.27825669E+05
  400 33.297067 11.680490  9.128001  4.768839 -3.722944 18.702288  0.657882  1.333396  0.27939309E+05
  401 33.297101 11.680746  9.118001  4.765320 -3.729174 18.702429  0.658133  1.334430  0.28052026E+05
  402 33.297134 11.681000  9.108002  4.761805 -3.735406 18.702566  0.658389  1.335481  0.28163821E+05
  403 33.297166 11.681252  9.098002  4.758295 -3.741640 18.702699  0.658649  1.336551  0.28274699E+05
  404 33.297197 11.681502  9.088003  4.754790 -3.747876 18.702829  0.658914  1.337642  0.28384664E+05
  405 33.297228 11.681749  9.078003  4.751291 -3.754116 18.702954  0.659184  1.338754  0.28493721E+05
  406 33.297259 11.681995  9.068004  4.747798 -3.760359 18.703076  0.659459  1.339888  0.28601880E+05
  407 33.297288 11.682239  9.058004  4.744312 -3.766606 18.703195  0.659739  1.341045  0.28709148E+05
  408 33.297317 11.682481  9.048005  4.740833 -3.772857 18.703310  0.660025  1.342226  0.28815536E+05
  409 33.297346 11.682720  9.038005  4.737362 -3.779113 18.703422  0.660316  1.343432  0.28921055E+05
  410 33.297373 11.682958  9.028006  4.733900 -3.785375 18.703531  0.660614  1.344663  0.29025717E+05
  411 33.297401 11.683194  9.018006  4.730446 -3.791642 18.703636  0.660918  1.345922  0.29129536E+05
  412 33.297427 11.683428  9.008007  4.727002 -3.797915 18.703739  0.661228  1.347208  0.29232525E+05
  413 33.297453 11.683660  8.998007  4.723567 -3.804195 18.703839  0.661544  1.348523  0.29334699E+05
  414 33.297479 11.683890  8.988008  4.720143 -3.810482 18.703936  0.661868  1.349867  0.29436073E+05
  415 33.297504 11.684119  8.978008  4.716729 -3.816776 18.704030  0.662198  1.351241  0.29536663E+05
  416 33.297529 11.684345  8.968009  4.713327 -3.823078 18.704121  0.662535  1.352646  0.29636486E+05
  417 33.297553 11.684570  8.958010  4.709936 -3.829389 18.704210  0.662880  1.354083  0.29735561E+05
  418 33.297576 11.684793  8.948010  4.706557 -3.835708 18.704296  0.663232  1.355552  0.29833906E+05
  419 33.297599 11.685014  8.938011  4.703190 -3.842036 18.704380  0.663592  1.357055  0.29931540E+05
  420 33.297622 11.685234  8.928011  4.699836 -3.848373 18.704462  0.663959  1.358591  0.30028485E+05
  421 33.297644 11.685452  8.918012  4.696496 -3.854720 18.704541  0.664334  1.360161  0.30124761E+05
  422 33.297665 11.685667  8.908012  4.693169 -3.861078 18.704618  0.664717  1.361767  0.30220392E+05
  423 33.297687 11.685882  8.898013  4.689856 -3.867446 18.704693  0.665108  1.363408  0.30315401E+05
  424 33.297707 11.686094  8.888013  4.686557 -3.873824 18.704765  0.665507  1.365085  0.30409814E+05
  425 33.297728 11.686305  8.878014  4.683272 -3.880214 18.704836  0.665914  1.366800  0.30503657E+05
  426 33.297747 11.686514  8.868015  4.680003 -3.886615 18.704904  0.666330  1.368552  0.30596960E+05
  427 33.297767 11.686722  8.858015  4.676749 -3.893028 18.704971  0.666754  1.370341  0.30689751E+05
  428 33.297786 11.686928  8.848016  4.673510 -3.899453 18.705036  0.667186  1.372169  0.30782063E+05
  429 33.297805 11.687132  8.838016  4.670287 -3.905891 18.705099  0.667628  1.374036  0.30873928E+05
  430 33.297823 11.687335  8.828017  4.667080 -3.912341 18.705160  0.668077  1.375942  0.30965381E+05
  431 33.297841 11.687537  8.818018  4.663890 -3.918804 18.705219  0.668536  1.377888  0.31056460E+05
  432 33.297858 11.687736  8.808018  4.660715 -3.925280 18.705277  0.669003  1.379873  0.31147202E+05
  433 33.297875 11.687934  8.798019  4.657558 -3.931769 18.705333  0.669479  1.381899  0.31237650E+05
  434 33.297892 11.688131  8.788019  4.654417 -3.938272 18.705388  0.669964  1.383965  0.31327844E+05
  435 33.297908 11.688326  8.778020  4.651294 -3.944789 18.705441  0.670457  1.386072  0.31417830E+05
  436 33.297924 11.688520  8.768021  4.648187 -3.951320 18.705493  0.670960  1.388220  0.31507653E+05
  437 33.297940 11.688712  8.758021  4.645098 -3.957866 18.705543  0.671471  1.390410  0.31597362E+05
  438 33.297956 11.688903  8.748022  4.642027 -3.964425 18.705591  0.671991  1.392640  0.31687005E+05
  439 33.297971 11.689092  8.738023  4.638973 -3.970999 18.705639  0.672519  1.394912  0.31776635E+05
  440 33.297985 11.689280  8.728023  4.635937 -3.977588 18.705685  0.673057  1.397226  0.31866303E+05
  441 33.298000 11.689467  8.718024  4.632918 -3.984192 18.705730  0.673603  1.399581  0.31956064E+05
  442 33.298014 11.689652  8.708024  4.629918 -3.990810 18.705773  0.674158  1.401978  0.32045973E+05
  443 33.298028 11.689836  8.698025  4.626935 -3.997444 18.705815  0.674721  1.404416  0.32136086E+05
  444 33.298041 11.690018  8.688026  4.623970 -4.004092 18.705856  0.675293  1.406896  0.32226460E+05
  445 33.298055 11.690200  8.678026  4.621023 -4.010756 18.705896  0.675874  1.409418  0.32317153E+05
  446 33.298068 11.690380  8.668027  4.618094 -4.017435 18.705935  0.676463  1.411981  0.32408223E+05
  447 33.298080 11.690558  8.658028  4.615182 -4.024129 18.705973  0.677060  1.414586  0.32499728E+05
  448 33.298093 11.690735  8.648028  4.612288 -4.030838 18.706010  0.677666  1.417232  0.32591729E+05
  449 33.298105 11.690911  8.638029  4.609413 -4.037563 18.706045  0.678280  1.419919  0.32684283E+05
  450 33.298117 11.691086  8.628030  4.606554 -4.044302 18.706080  0.678902  1.422647  0.32777449E+05
  451 33.298128 11.691260  8.618030  4.603714 -4.051057 18.706114  0.679532  1.425415  0.32871285E+05
  452 33.298140 11.691432  8.608031  4.600890 -4.057827 18.706147  0.680170  1.428225  0.32965849E+05
  453 33.298151 11.691603  8.598032  4.598084 -4.064612 18.706179  0.680816  1.431075  0.33061197E+05
  454 33.298162 11.691773  8.588032  4.595295 -4.071413 18.706210  0.681469  1.433964  0.33157385E+05
  455 33.298173 11.691942  8.578033  4.592524 -4.078228 18.706240  0.682130  1.436894  0.33254468E+05
  456 33.298183 11.692109  8.568034  4.589769 -4.085057 18.706269  0.682799  1.439864  0.33352500E+05
  457 33.298193 11.692275  8.558034  4.587031 -4.091902 18.706298  0.683475  1.442872  0.33451532E+05
  458 33.298203 11.692441  8.548035  4.584309 -4.098761 18.706325  0.684158  1.445920  0.33551614E+05
  459 33.298213 11.692605  8.538036  4.581604 -4.105635 18.706352  0.684848  1.449007  0.33652796E+05
  460 33.298223 11.692768  8.528036  4.578915 -4.112522 18.706379  0.685546  1.452132  0.33755124E+05
  461 33.298232 11.692930  8.518037  4.576242 -4.119425 18.706404  0.686250  1.455295  0.33858644E+05
  462 33.298241 11.693090  8.508038  4.573585 -4.126341 18.706429  0.686961  1.458497  0.33963398E+05
  463 33.298250 11.693250  8.498038  4.570943 -4.133271 18.706453  0.687679  1.461736  0.34069427E+05
  464 33.298259 11.693409  8.488039  4.568316 -4.140214 18.706477  0.688404  1.465012  0.34176770E+05
  465 33.298268 11.693566  8.478040  4.565705 -4.147172 18.706499  0.689135  1.468326  0.34285464E+05
  466 33.298276 11.693723  8.468040  4.563109 -4.154142 18.706522  0.689872  1.471676  0.34395543E+05
  467 33.298284 11.693878  8.458041  4.560527 -4.161126 18.706543  0.690615  1.475063  0.34507038E+05
  468 33.298292 11.694033  8.448042  4.557959 -4.168122 18.706564  0.691365  1.478487  0.34619980E+05
  469 33.298300 11.694186  8.438042  4.555406 -4.175132 18.706585  0.692121  1.481946  0.34734395E+05
  470 33.298308 11.694339  8.428043  4.552867 -4.182154 18.706605  0.692882  1.485441  0.34850307E+05
  471 33.298316 11.694490  8.418044  4.550341 -4.189188 18.706624  0.693649  1.488972  0.34967740E+05
  472 33.298323 11.694641  8.408044  4.547829 -4.196234 18.706643  0.694422  1.492538  0.35086713E+05
  473 33.298330 11.694790  8.398045  4.545330 -4.203293 18.706661  0.695201  1.496139  0.35207243E+05
  474 33.298337 11.694939  8.388046  4.542845 -4.210363 18.706679  0.695985  1.499775  0.35329345E+05
  475 33.298344 11.695087  8.378046  4.540371 -4.217444 18.706696  0.696775  1.503446  0.35453032E+05
  476 33.298351 11.695233  8.368047  4.537911 -4.224537 18.706713  0.697570  1.507152  0.35578313E+05
  477 33.298358 11.695379  8.358048  4.535463 -4.231641 18.706730  0.698370  1.510892  0.35705197E+05
  478 33.298364 11.695524  8.348048  4.533026 -4.238756 18.706746  0.699175  1.514666  0.35833687E+05
  479 33.298371 11.695668  8.338049  4.530602 -4.245882 18.706761  0.699986  1.518474  0.35963788E+05
  480 33.298377 11.695811  8.328050  4.528189 -4.253018 18.706776  0.700802  1.522317  0.36095500E+05
  481 33.298383 11.695953  8.318050  4.525788 -4.260165 18.706791  0.701622  1.526194  0.36228821E+05
  482 33.298389 11.696094  8.308051  4.523398 -4.267321 18.706805  0.702447  1.530104  0.36363748E+05
  483 33.298395 11.696235  8.298052  4.521018 -4.274488 18.706819  0.703278  1.534048  0.36500273E+05
  484 33.298400 11.696374  8.288052  4.518650 -4.281664 18.706833  0.704113  1.538027  0.36638390E+05
  485 33.298406 11.696513  8.278053  4.516292 -4.288849 18.706846  0.704952  1.542039  0.36778088E+05
  486 33.298411 11.696651  8.268054  4.513945 -4.296044 18.706859  0.705797  1.546085  0.36919355E+05
  487 33.298417 11.696787  8.258054  4.511608 -4.303249 18.706871  0.706646  1.550165  0.37062176E+05
  488 33.298422 11.696924  8.248055  4.509281 -4.310462 18.706883  0.707500  1.554279  0.37206537E+05
  489 33.298427 11.697059  8.238056  4.506963 -4.317684 18.706895  0.708358  1.558426  0.37352419E+05
  490 33.298432 11.697193  8.228056  4.504656 -4.324914 18.706907  0.709221  1.562608  0.37499804E+05
  491 33.298437 11.697327  8.218057  4.502358 -4.332153 18.706918  0.710088  1.566824  0.37648670E+05
  492 33.298442 11.697460  8.208058  4.500069 -4.339401 18.706929  0.710960  1.571075  0.37798996E+05
  493 33.298446 11.697592  8.198058  4.497790 -4.346656 18.706939  0.711836  1.575360  0.37950757E+05
  494 33.298451 11.697723  8.188059  4.495520 -4.353920 18.706950  0.712717  1.579679  0.38103930E+05
  495 33.298456 11.697854  8.178060  4.493259 -4.361192 18.706960  0.713602  1.584033  0.38258487E+05
  496 33.298460 11.697983  8.168060  4.491007 -4.368471 18.706969  0.714491  1.588422  0.38414404E+05
  497 33.298464 11.698112  8.158061  4.488763 -4.375758 18.706979  0.715385  1.592847  0.38571650E+05
  498 33.298468 11.698240  8.148061  4.486528 -4.383053 18.706988  0.716284  1.597306  0.38730199E+05
  499 33.298473 11.698368  8.138062  4.484302 -4.390355 18.706997  0.717186  1.601801  0.38890021E+05
  500 33.298477 11.698494  8.128063  4.482084 -4.397665 18.707006  0.718093  1.606332  0.39051085E+05
  501 33.298480 11.698620  8.118063  4.479875 -4.404982 18.707014  0.719004  1.610899  0.39213364E+05
  502 33.298484 11.698745  8.108064  4.477674 -4.412306 18.707023  0.719920  1.615503  0.39376825E+05
  503 33.298488 11.698870  8.098065  4.475481 -4.419637 18.707031  0.720840  1.620143  0.39541440E+05
  504 33.298492 11.698994  8.088065  4.473296 -4.426975 18.707039  0.721765  1.624819  0.39707178E+05
  505 33.298495 11.699117  8.078066  4.471120 -4.434320 18.707046  0.722693  1.629534  0.39874008E+05
  506 33.298499 11.699239  8.068067  4.468952 -4.441672 18.707054  0.723626  1.634285  0.40041902E+05
  507 33.298502 11.699360  8.058067  4.466791 -4.449031 18.707061  0.724564  1.639074  0.40210830E+05
  508 33.298506 11.699481  8.048068  4.464639 -4.456396 18.707068  0.725506  1.643902  0.40380764E+05
  509 33.298509 11.699601  8.038068  4.462494 -4.463768 18.707075  0.726452  1.648768  0.40551676E+05
  510 33.298512 11.699721  8.028069  4.460358 -4.471147 18.707082  0.727403  1.653672  0.40723539E+05
  511 33.298515 11.699840  8.018070  4.458229 -4.478533 18.707088  0.728358  1.658616  0.40896328E+05
  512 33.298519 11.699958  8.008070  4.456108 -4.485926 18.707094  0.729317  1.663599  0.41070018E+05
  513 33.298522 11.700075  7.998071  4.453995 -4.493325 18.707101  0.730281  1.668622  0.41244585E+05
  514 33.298525 11.700192  7.988071  4.451890 -4.500730 18.707107  0.731249  1.673685  0.41420007E+05
  515 33.298527 11.700308  7.978072  4.449793 -4.508142 18.707112  0.732222  1.678789  0.41596264E+05
  516 33.298530 11.700423  7.968073  4.447703 -4.515561 18.707118  0.733199  1.683933  0.41773336E+05
  517 33.298533 11.700538  7.958073  4.445622 -4.522987 18.707124  0.734180  1.689119  0.41951205E+05
  518 33.298536 11.700652  7.948074  4.443548 -4.530419 18.707129  0.735166  1.694346  0.42129857E+05
  519 33.298538 11.700766  7.938075  4.441482 -4.537857 18.707134  0.736156  1.699614  0.42309276E+05
  520 33.298541 11.700879  7.928075  4.439424 -4.545302 18.707139  0.737151  1.704925  0.42489451E+05
  521 33.298544 11.700991  7.918076  4.437374 -4.552754 18.707144  0.738150  1.710278  0.42670369E+05
  522 33.298546 11.701103  7.908076  4.435331 -4.560213 18.707149  0.739153  1.715674  0.42852023E+05
  523 33.298548 11.701214  7.898077  4.433297 -4.567678 18.707154  0.740161  1.721114  0.43034406E+05
  524 33.298551 11.701324  7.888077  4.431270 -4.575149 18.707158  0.741173  1.726596  0.43217512E+05
  525 33.298553 11.701434  7.878078  4.429252 -4.582628 18.707163  0.742189  1.732122  0.43401337E+05
  526 33.298555 11.701543  7.868079  4.427241 -4.590112 18.707167  0.743210  1.737693  0.43585881E+05
  527 33.298558 11.701651  7.858079  4.425238 -4.597604 18.707171  0.744235  1.743307  0.43771143E+05
  528 33.298560 11.701759  7.848080  4.423243 -4.605102 18.707175  0.745265  1.748967  0.43957126E+05
  529 33.298562 11.701867  7.838080  4.421256 -4.612608 18.707179  0.746299  1.754671  0.44143833E+05
  530 33.298564 11.701973  7.828081  4.419277 -4.620119 18.707183  0.747337  1.760420  0.44331269E+05
  531 33.298566 11.702079  7.818082  4.417306 -4.627638 18.707187  0.748379  1.766215  0.44519442E+05
  532 33.298568 11.702185  7.808082  4.415343 -4.635163 18.707191  0.749426  1.772055  0.44708360E+05
  533 33.298570 11.702290  7.798083  4.413388 -4.642696 18.707194  0.750477  1.777942  0.44898033E+05
  534 33.298572 11.702394  7.788083  4.411440 -4.650235 18.707198  0.751532  1.783874  0.45088472E+05
  535 33.298574 11.702498  7.778084  4.409501 -4.657780 18.707201  0.752591  1.789853  0.45279686E+05
  536 33.298576 11.702611  7.767184  4.407397 -4.666013 18.707205  0.753750  1.796424  0.45489025E+05
