# DMESTAR Mass Track Snapshot
#
# Model Number:    100  Age (Myr):      0.064
#  Mass (Msun):  1.000 Fe/H (dex):   0.05
#
#---------
   16   75
    1 28.361093  9.716917 12.820633  6.106365 -1.411745  0.003023  0.618403  1.180649  0.54719879E+04
    2 28.411093  9.733584 12.820604  6.106354 -1.411762  0.003392  0.618403  1.180649  0.55426969E+04
    3 28.461093  9.750251 12.820571  6.106341 -1.411782  0.003806  0.618403  1.180649  0.56142291E+04
    4 28.511093  9.766920 12.820537  6.106327 -1.411803  0.004270  0.618403  1.180649  0.56865979E+04
    5 28.561093  9.783589 12.820499  6.106312 -1.411825  0.004791  0.618403  1.180649  0.57598158E+04
    6 28.611093  9.800258 12.820458  6.106296 -1.411850  0.005375  0.618403  1.180649  0.58338951E+04
    7 28.661093  9.816928 12.820414  6.106278 -1.411876  0.006030  0.618403  1.180649  0.59088471E+04
    8 28.711093  9.833599 12.820367  6.106260 -1.411904  0.006765  0.618403  1.180649  0.59846828E+04
    9 28.761093  9.850270 12.820316  6.106239 -1.411935  0.007589  0.618403  1.180649  0.60614123E+04
   10 28.811093  9.866942 12.820261  6.106217 -1.411968  0.008513  0.618403  1.180649  0.61390455E+04
   11 28.861093  9.883615 12.820201  6.106194 -1.412004  0.009549  0.618403  1.180649  0.62175912E+04
   12 28.911093  9.900288 12.820137  6.106168 -1.412043  0.010710  0.618403  1.180649  0.62970580E+04
   13 28.961093  9.916962 12.820067  6.106141 -1.412084  0.012012  0.618403  1.180649  0.63774536E+04
   14 29.011093  9.933637 12.819992  6.106111 -1.412129  0.013472  0.618403  1.180649  0.64587851E+04
   15 29.061093  9.950313 12.819911  6.106079 -1.412178  0.015109  0.618403  1.180649  0.65410587E+04
   16 29.111093  9.966989 12.819824  6.106044 -1.412231  0.016944  0.618403  1.180649  0.66242799E+04
   17 29.161093  9.983667 12.819729  6.106006 -1.412287  0.019000  0.618403  1.180649  0.67084535E+04
   18 29.211093 10.000345 12.819627  6.105966 -1.412349  0.021305  0.618403  1.180649  0.67935831E+04
   19 29.261093 10.017025 12.819517  6.105922 -1.412415  0.023888  0.618403  1.180649  0.68796715E+04
   20 29.311093 10.033705 12.819398  6.105875 -1.412486  0.026783  0.618403  1.180649  0.69667204E+04
   21 29.361093 10.050387 12.819269  6.105824 -1.412563  0.030026  0.618403  1.180649  0.70547302E+04
   22 29.411093 10.067070 12.819130  6.105769 -1.412647  0.033660  0.618403  1.180649  0.71437003E+04
   23 29.461093 10.083754 12.818980  6.105709 -1.412737  0.037730  0.618404  1.180649  0.72336284E+04
   24 29.511093 10.100440 12.818818  6.105645 -1.412834  0.042290  0.618404  1.180649  0.73245108E+04
   25 29.561093 10.117128 12.818644  6.105575 -1.412939  0.047395  0.618404  1.180649  0.74163423E+04
   26 29.611093 10.133817 12.818455  6.105500 -1.413052  0.053113  0.618404  1.180649  0.75091155E+04
   27 29.661093 10.150508 12.818251  6.105419 -1.413175  0.059514  0.618404  1.180650  0.76028215E+04
   28 29.711093 10.167201 12.818030  6.105332 -1.413307  0.066679  0.618404  1.180650  0.76974489E+04
   29 29.761093 10.183896 12.817792  6.105238 -1.413450  0.074698  0.618404  1.180650  0.77929840E+04
   30 29.811093 10.200593 12.817535  6.105135 -1.413604  0.083670  0.618404  1.180650  0.78894105E+04
   31 29.861093 10.217293 12.817258  6.105025 -1.413771  0.093708  0.618404  1.180650  0.79867094E+04
   32 29.911093 10.233996 12.816958  6.104906 -1.413951  0.104933  0.618404  1.180650  0.80848583E+04
   33 29.961093 10.250701 12.816634  6.104778 -1.414145  0.117486  0.618404  1.180650  0.81838318E+04
   34 30.011093 10.267410 12.816284  6.104639 -1.414355  0.131516  0.618404  1.180650  0.82836005E+04
   35 30.061093 10.284122 12.815906  6.104489 -1.414582  0.147196  0.618404  1.180650  0.83841311E+04
   36 30.111093 10.300837 12.815497  6.104327 -1.414827  0.164711  0.618404  1.180651  0.84853858E+04
   37 30.161093 10.317557 12.815056  6.104151 -1.415092  0.184271  0.618404  1.180651  0.85873223E+04
   38 30.211093 10.334280 12.814580  6.103962 -1.415378  0.206106  0.618404  1.180651  0.86898926E+04
   39 30.261093 10.351009 12.814065  6.103758 -1.415687  0.230470  0.618404  1.180651  0.87930434E+04
   40 30.311093 10.367742 12.813508  6.103537 -1.416021  0.257644  0.618404  1.180651  0.88967151E+04
   41 30.361093 10.384481 12.812907  6.103298 -1.416382  0.287938  0.618404  1.180651  0.90008413E+04
   42 30.411093 10.401225 12.812257  6.103040 -1.416772  0.321692  0.618404  1.180652  0.91053484E+04
   43 30.461093 10.417976 12.811555  6.102762 -1.417194  0.359281  0.618404  1.180652  0.92101548E+04
   44 30.511093 10.434734 12.810797  6.102460 -1.417649  0.401115  0.618404  1.180652  0.93151703E+04
   45 30.561093 10.451499 12.809977  6.102135 -1.418141  0.447641  0.618404  1.180652  0.94202955E+04
   46 30.611093 10.468272 12.809090  6.101783 -1.418673  0.499351  0.618404  1.180653  0.95254209E+04
   47 30.661093 10.485053 12.808132  6.101403 -1.419248  0.556776  0.618405  1.180653  0.96304262E+04
   48 30.711093 10.501844 12.807096  6.100992 -1.419870  0.620497  0.618405  1.180654  0.97351793E+04
   49 30.761093 10.518644 12.805977  6.100547 -1.420542  0.691138  0.618405  1.180654  0.98395355E+04
   50 30.811093 10.535456 12.804766  6.100066 -1.421269  0.769375  0.618405  1.180654  0.99433367E+04
   51 30.861093 10.552279 12.803456  6.099546 -1.422055  0.855933  0.618405  1.180655  0.10046411E+05
   52 30.911093 10.569116 12.802040  6.098984 -1.422905  0.951587  0.618405  1.180655  0.10148569E+05
   53 30.961093 10.585966 12.800508  6.098376 -1.423825  1.057161  0.618405  1.180656  0.10249606E+05
   54 31.011093 10.602830 12.798851  6.097718 -1.424820  1.173527  0.618405  1.180657  0.10349300E+05
   55 31.061093 10.619711 12.797057  6.097006 -1.425896  1.301602  0.618406  1.180657  0.10447410E+05
   56 31.111093 10.636610 12.795117  6.096236 -1.427061  1.442339  0.618406  1.180658  0.10543674E+05
   57 31.161093 10.653528 12.793016  6.095402 -1.428322  1.596725  0.618406  1.180659  0.10637811E+05
   58 31.211093 10.670466 12.790742  6.094499 -1.429687  1.765766  0.618406  1.180660  0.10729518E+05
   59 31.261093 10.687427 12.788279  6.093522 -1.431165  1.950480  0.618407  1.180660  0.10818467E+05
   60 31.311093 10.704411 12.785612  6.092463 -1.432766  2.151876  0.618407  1.180661  0.10904309E+05
   61 31.361093 10.721423 12.782722  6.091316 -1.434500  2.370933  0.618407  1.180663  0.10986669E+05
   62 31.411093 10.738463 12.779591  6.090072 -1.436380  2.608581  0.618407  1.180664  0.11065150E+05
   63 31.461093 10.755534 12.776196  6.088725 -1.438418  2.865668  0.618408  1.180665  0.11139328E+05
   64 31.509720 10.772168 12.772620  6.087305 -1.440564  3.135039  0.618408  1.180666  0.11206913E+05
   65 31.555152 10.787741 12.769013  6.085873 -1.442729  3.404422  0.618409  1.180668  0.11265611E+05
   66 31.597902 10.802425 12.765366  6.084426 -1.444918  3.673815  0.618409  1.180669  0.11316590E+05
   67 31.638379 10.816356 12.761669  6.082958 -1.447136  3.943214  0.618409  1.180671  0.11360766E+05
   68 31.676912 10.829646 12.757913  6.081467 -1.449391  4.212618  0.618410  1.180672  0.11398865E+05
   69 31.713774 10.842388 12.754089  6.079949 -1.451686  4.482025  0.618410  1.180674  0.11431471E+05
   70 31.749194 10.854657 12.750186  6.078399 -1.454029  4.751433  0.618411  1.180675  0.11459059E+05
   71 31.783364 10.866519 12.746195  6.076815 -1.456424  5.020841  0.618411  1.180677  0.11482013E+05
   72 31.816451 10.878032 12.742107  6.075192 -1.458878  5.290247  0.618412  1.180678  0.11500645E+05
   73 31.848603 10.889246 12.737909  6.073525 -1.461397  5.559651  0.618412  1.180680  0.11515209E+05
   74 31.879947 10.900204 12.733589  6.071811 -1.463990  5.829052  0.618412  1.180682  0.11525909E+05
   75 31.910601 10.910948 12.729136  6.070043 -1.466662  6.098449  0.618413  1.180684  0.11532906E+05
   76 31.940672 10.921514 12.724533  6.068216 -1.469425  6.367839  0.618414  1.180686  0.11536321E+05
   77 31.970258 10.931938 12.719766  6.066323 -1.472286  6.637223  0.618414  1.180688  0.11536243E+05
   78 31.999452 10.942252 12.714815  6.064358 -1.475257  6.906599  0.618415  1.180690  0.11532727E+05
   79 32.028345 10.952489 12.709661  6.062311 -1.478351  7.175966  0.618415  1.180692  0.11525798E+05
   80 32.057025 10.962681 12.704278  6.060175 -1.481581  7.445321  0.618416  1.180694  0.11515449E+05
   81 32.085580 10.972861 12.698641  6.057937 -1.484964  7.714664  0.618417  1.180697  0.11501643E+05
   82 32.114101 10.983062 12.692716  6.055585 -1.488519  7.983992  0.618417  1.180700  0.11484311E+05
   83 32.142682 10.993320 12.686467  6.053104 -1.492270  8.253303  0.618418  1.180702  0.11463344E+05
   84 32.171425 11.003675 12.679847  6.050476 -1.496242  8.522594  0.618419  1.180705  0.11438595E+05
   85 32.200440 11.014169 12.672803  6.047679 -1.500470  8.791862  0.618420  1.180709  0.11409869E+05
   86 32.229853 11.024852 12.665268  6.044688 -1.504992  9.061103  0.618421  1.180712  0.11376915E+05
   87 32.259807 11.035780 12.657158  6.041469 -1.509858  9.330312  0.618422  1.180716  0.11339411E+05
   88 32.290471 11.047023 12.648370  6.037980 -1.515132  9.599483  0.618423  1.180720  0.11296953E+05
   89 32.322050 11.058662 12.638768  6.034168 -1.520894  9.868607  0.618424  1.180725  0.11249022E+05
   90 32.353021 11.070143 12.628767  6.030198 -1.526895 10.123362  0.618426  1.180730  0.11198007E+05
   91 32.382234 11.081035 12.618765  6.026228 -1.532897 10.354287  0.618427  1.180735  0.11146408E+05
   92 32.409856 11.091395 12.608764  6.022257 -1.538898 10.563457  0.618428  1.180740  0.11094681E+05
   93 32.436033 11.101271 12.598762  6.018287 -1.544900 10.752846  0.618430  1.180746  0.11043197E+05
   94 32.460894 11.110705 12.588761  6.014317 -1.550901 10.924293  0.618431  1.180751  0.10992258E+05
   95 32.484549 11.119735 12.578760  6.010347 -1.556902 11.079502  0.618433  1.180757  0.10942113E+05
   96 32.507097 11.128393 12.568759  6.006377 -1.562903 11.220042  0.618434  1.180762  0.10892965E+05
   97 32.528624 11.136708 12.558758  6.002407 -1.568903 11.347344  0.618436  1.180768  0.10844972E+05
   98 32.549206 11.144702 12.548757  5.998444 -1.574389 11.462696  0.619227  1.183653  0.10781063E+05
   99 32.568912 11.152397 12.538756  5.994489 -1.580399 11.567299  0.619234  1.183681  0.10736106E+05
  100 32.587801 11.159817 12.528755  5.990534 -1.586410 11.662279  0.619242  1.183709  0.10692611E+05
  101 32.605931 11.166983 12.518754  5.986578 -1.592420 11.748639  0.619249  1.183737  0.10650640E+05
  102 32.623350 11.173910 12.508753  5.982623 -1.598430 11.827272  0.619257  1.183764  0.10610236E+05
  103 32.640103 11.180613 12.498752  5.978667 -1.604440 11.898982  0.619265  1.183792  0.10571426E+05
  104 32.656233 11.187106 12.488752  5.974712 -1.610450 11.964496  0.619272  1.183820  0.10534227E+05
  105 32.671775 11.193402 12.478751  5.970756 -1.616460 12.024468  0.619280  1.183848  0.10498644E+05
  106 32.686765 11.199511 12.468750  5.966801 -1.622469 12.079483  0.619288  1.183876  0.10464674E+05
  107 32.701234 11.205443 12.458750  5.962845 -1.628478 12.130067  0.619295  1.183904  0.10432308E+05
  108 32.715210 11.211210 12.448749  5.958889 -1.634487 12.176692  0.619303  1.183931  0.10401530E+05
  109 32.728720 11.216818 12.438749  5.954934 -1.640496 12.219778  0.619310  1.183959  0.10372318E+05
  110 32.741788 11.222277 12.428748  5.950978 -1.646505 12.259700  0.619318  1.183986  0.10344648E+05
  111 32.754436 11.227594 12.418748  5.947022 -1.652513 12.296794  0.619325  1.184014  0.10318496E+05
  112 32.766686 11.232776 12.408747  5.943066 -1.658521 12.331358  0.619333  1.184041  0.10293827E+05
  113 32.778557 11.237828 12.398747  5.939110 -1.664529 12.363658  0.619340  1.184069  0.10270605E+05
  114 32.790067 11.242758 12.388746  5.935154 -1.670537 12.393931  0.619348  1.184096  0.10248795E+05
  115 32.801233 11.247571 12.378746  5.931198 -1.676545 12.422387  0.619355  1.184123  0.10228360E+05
  116 32.812070 11.252271 12.368746  5.927242 -1.682552 12.449212  0.619363  1.184150  0.10209264E+05
  117 32.822593 11.256864 12.358745  5.923286 -1.688559 12.474571  0.619370  1.184177  0.10191470E+05
  118 32.832815 11.261355 12.348745  5.919330 -1.694566 12.498611  0.619377  1.184203  0.10174939E+05
  119 32.842750 11.265747 12.338745  5.915374 -1.700573 12.521462  0.619385  1.184230  0.10159635E+05
  120 32.852409 11.270044 12.328744  5.911417 -1.706579 12.543239  0.619392  1.184257  0.10145522E+05
  121 32.861805 11.274251 12.318744  5.907461 -1.712586 12.564044  0.619399  1.184283  0.10132563E+05
  122 32.870946 11.278370 12.308744  5.903504 -1.718592 12.583967  0.619406  1.184310  0.10120722E+05
  123 32.879844 11.282406 12.298743  5.899548 -1.724598 12.603087  0.619414  1.184336  0.10109966E+05
  124 32.888508 11.286361 12.288743  5.895592 -1.730604 12.621476  0.619421  1.184363  0.10100259E+05
  125 32.896946 11.290238 12.278743  5.891635 -1.736609 12.639194  0.619428  1.184390  0.10091571E+05
  126 32.905168 11.294040 12.268743  5.887679 -1.742615 12.656298  0.619435  1.184416  0.10083870E+05
  127 32.913181 11.297770 12.258742  5.883723 -1.748620 12.672836  0.619443  1.184443  0.10077128E+05
  128 32.920993 11.301429 12.248742  5.879766 -1.754626 12.688851  0.619450  1.184470  0.10071314E+05
  129 32.928611 11.305022 12.238742  5.875810 -1.760631 12.704381  0.619457  1.184497  0.10066400E+05
  130 32.936041 11.308549 12.228742  5.871854 -1.766636 12.719460  0.619465  1.184524  0.10062361E+05
  131 32.943291 11.312013 12.218741  5.867898 -1.772641 12.734117  0.619472  1.184551  0.10059169E+05
  132 32.950366 11.315416 12.208741  5.863942 -1.778645 12.748380  0.619480  1.184578  0.10056800E+05
  133 32.957272 11.318760 12.198741  5.859987 -1.784650 12.762271  0.619487  1.184606  0.10055231E+05
  134 32.964015 11.322046 12.188741  5.856031 -1.790655 12.775812  0.619495  1.184634  0.10054440E+05
  135 32.970600 11.325277 12.178741  5.852076 -1.796660 12.789021  0.619503  1.184662  0.10054403E+05
  136 32.977032 11.328454 12.168741  5.848121 -1.802664 12.801914  0.619510  1.184691  0.10055102E+05
  137 32.983317 11.331579 12.158740  5.844166 -1.808669 12.814507  0.619518  1.184719  0.10056516E+05
  138 32.989457 11.334653 12.148740  5.840211 -1.814673 12.826813  0.619526  1.184748  0.10058626E+05
  139 32.995459 11.337678 12.138740  5.836257 -1.820678 12.838843  0.619534  1.184778  0.10061415E+05
  140 33.001326 11.340655 12.128740  5.832302 -1.826682 12.850608  0.619542  1.184807  0.10064866E+05
  141 33.007062 11.343585 12.118740  5.828348 -1.832687 12.862118  0.619551  1.184837  0.10068962E+05
  142 33.012671 11.346471 12.108740  5.824394 -1.838691 12.873382  0.619559  1.184868  0.10073689E+05
  143 33.018157 11.349312 12.098740  5.820441 -1.844695 12.884408  0.619567  1.184898  0.10079030E+05
  144 33.023524 11.352110 12.088739  5.816488 -1.850700 12.895202  0.619576  1.184929  0.10084973E+05
  145 33.028774 11.354867 12.078739  5.812534 -1.856704 12.905772  0.619584  1.184961  0.10091505E+05
  146 33.033912 11.357582 12.068739  5.808582 -1.862708 12.916124  0.619593  1.184993  0.10098611E+05
  147 33.038939 11.360259 12.058739  5.804629 -1.868713 12.926264  0.619602  1.185025  0.10106280E+05
  148 33.043860 11.362896 12.048739  5.800677 -1.874717 12.936196  0.619611  1.185057  0.10114500E+05
  149 33.048677 11.365496 12.038739  5.796724 -1.880721 12.945927  0.619620  1.185090  0.10123260E+05
  150 33.053393 11.368060 12.028739  5.792772 -1.886725 12.955459  0.619629  1.185123  0.10132547E+05
  151 33.058011 11.370587 12.018739  5.788821 -1.892730 12.964798  0.619638  1.185156  0.10142353E+05
  152 33.062532 11.373079 12.008739  5.784869 -1.898734 12.973948  0.619647  1.185190  0.10152665E+05
  153 33.066961 11.375538 11.998739  5.780918 -1.904738 12.982913  0.619656  1.185224  0.10163475E+05
  154 33.071299 11.377963 11.988739  5.776967 -1.910742 12.991697  0.619666  1.185258  0.10174772E+05
  155 33.075548 11.380355 11.978738  5.773016 -1.916746 13.000302  0.619675  1.185292  0.10186547E+05
  156 33.079711 11.382715 11.968738  5.769065 -1.922749 13.008734  0.619684  1.185327  0.10198789E+05
  157 33.083790 11.385044 11.958738  5.765115 -1.928753 13.016994  0.619694  1.185362  0.10211490E+05
  158 33.087787 11.387343 11.948738  5.761164 -1.934757 13.025086  0.619704  1.185397  0.10224640E+05
  159 33.091704 11.389612 11.938738  5.757214 -1.940760 13.033013  0.619713  1.185433  0.10238231E+05
  160 33.095543 11.391852 11.928738  5.753264 -1.946763 13.040779  0.619723  1.185468  0.10252253E+05
  161 33.099306 11.394063 11.918738  5.749314 -1.952767 13.048386  0.619733  1.185504  0.10266699E+05
  162 33.102994 11.396246 11.908738  5.745364 -1.958770 13.055837  0.619743  1.185541  0.10281560E+05
  163 33.106610 11.398402 11.898738  5.741415 -1.964773 13.063134  0.619753  1.185577  0.10296827E+05
  164 33.110155 11.400531 11.888738  5.737465 -1.970776 13.070281  0.619763  1.185614  0.10312495E+05
  165 33.113631 11.402634 11.878738  5.733516 -1.976779 13.077281  0.619773  1.185651  0.10328555E+05
  166 33.117040 11.404711 11.868738  5.729567 -1.982781 13.084135  0.619783  1.185689  0.10345000E+05
  167 33.120382 11.406762 11.858738  5.725618 -1.988784 13.090847  0.619794  1.185727  0.10361824E+05
  168 33.123660 11.408789 11.848738  5.721670 -1.994786 13.097419  0.619804  1.185765  0.10379020E+05
  169 33.126875 11.410792 11.838738  5.717721 -2.000789 13.103854  0.619815  1.185803  0.10396582E+05
  170 33.130028 11.412771 11.828738  5.713773 -2.006791 13.110154  0.619825  1.185842  0.10414504E+05
  171 33.133121 11.414727 11.818738  5.709825 -2.012793 13.116321  0.619836  1.185882  0.10432780E+05
  172 33.136155 11.416660 11.808738  5.705877 -2.018795 13.122358  0.619847  1.185921  0.10451405E+05
  173 33.139131 11.418570 11.798738  5.701930 -2.024797 13.128267  0.619858  1.185962  0.10470374E+05
  174 33.142051 11.420458 11.788738  5.697983 -2.030799 13.134050  0.619869  1.186003  0.10489680E+05
  175 33.144916 11.422325 11.778738  5.694036 -2.036801 13.139708  0.619880  1.186044  0.10509320E+05
  176 33.147728 11.424170 11.768738  5.690090 -2.042803 13.145247  0.619892  1.186086  0.10529290E+05
  177 33.150486 11.425994 11.758738  5.686143 -2.048805 13.150666  0.619903  1.186128  0.10549585E+05
  178 33.153193 11.427798 11.748738  5.682197 -2.054807 13.155970  0.619915  1.186172  0.10570201E+05
  179 33.155849 11.429582 11.738738  5.678252 -2.060809 13.161159  0.619927  1.186215  0.10591135E+05
  180 33.158455 11.431345 11.728738  5.674307 -2.066810 13.166236  0.619939  1.186260  0.10612383E+05
  181 33.161013 11.433090 11.718738  5.670362 -2.072812 13.171203  0.619952  1.186305  0.10633942E+05
  182 33.163524 11.434815 11.708738  5.666418 -2.078814 13.176062  0.619964  1.186352  0.10655808E+05
  183 33.165988 11.436521 11.698737  5.662474 -2.084816 13.180816  0.619977  1.186399  0.10677980E+05
  184 33.168407 11.438209 11.688737  5.658531 -2.090818 13.185465  0.619990  1.186446  0.10700454E+05
  185 33.170781 11.439878 11.678737  5.654588 -2.096820 13.190013  0.620004  1.186495  0.10723228E+05
  186 33.173112 11.441530 11.668738  5.650646 -2.102822 13.194460  0.620017  1.186545  0.10746300E+05
  187 33.175400 11.443164 11.658738  5.646704 -2.108824 13.198810  0.620031  1.186595  0.10769670E+05
  188 33.177645 11.444781 11.648738  5.642763 -2.114826 13.203063  0.620045  1.186647  0.10793335E+05
  189 33.179850 11.446380 11.638738  5.638822 -2.120828 13.207222  0.620060  1.186700  0.10817294E+05
  190 33.182015 11.447963 11.628738  5.634882 -2.126831 13.211289  0.620074  1.186754  0.10841546E+05
  191 33.184140 11.449529 11.618738  5.630943 -2.132833 13.215265  0.620089  1.186808  0.10866090E+05
  192 33.186226 11.451079 11.608738  5.627004 -2.138836 13.219152  0.620104  1.186864  0.10890925E+05
  193 33.188274 11.452612 11.598738  5.623066 -2.144839 13.222953  0.620120  1.186921  0.10916052E+05
  194 33.190285 11.454130 11.588738  5.619128 -2.150842 13.226667  0.620136  1.186980  0.10941469E+05
  195 33.192260 11.455633 11.578738  5.615191 -2.156845 13.230299  0.620152  1.187039  0.10967177E+05
  196 33.194199 11.457120 11.568738  5.611255 -2.162848 13.233848  0.620169  1.187100  0.10993176E+05
  197 33.196103 11.458592 11.558738  5.607319 -2.168851 13.237317  0.620186  1.187161  0.11019465E+05
  198 33.197973 11.460049 11.548738  5.603384 -2.174855 13.240707  0.620203  1.187224  0.11046045E+05
  199 33.199808 11.461491 11.538738  5.599450 -2.180858 13.244020  0.620220  1.187289  0.11072915E+05
  200 33.201611 11.462919 11.528738  5.595516 -2.186862 13.247258  0.620238  1.187354  0.11100075E+05
  201 33.203381 11.464332 11.518738  5.591583 -2.192866 13.250421  0.620256  1.187421  0.11127524E+05
  202 33.205120 11.465732 11.508738  5.587651 -2.198870 13.253513  0.620275  1.187488  0.11155261E+05
  203 33.206827 11.467118 11.498738  5.583719 -2.204874 13.256533  0.620294  1.187558  0.11183285E+05
  204 33.208504 11.468489 11.488738  5.579788 -2.210878 13.259484  0.620313  1.187628  0.11211595E+05
  205 33.210150 11.469848 11.478738  5.575857 -2.216882 13.262366  0.620332  1.187699  0.11240190E+05
  206 33.211767 11.471193 11.468738  5.571927 -2.222887 13.265182  0.620352  1.187772  0.11269067E+05
  207 33.213355 11.472525 11.458738  5.567998 -2.228891 13.267933  0.620373  1.187846  0.11298224E+05
  208 33.214914 11.473844 11.448738  5.564070 -2.234896 13.270620  0.620393  1.187922  0.11327659E+05
  209 33.216446 11.475150 11.438738  5.560142 -2.240901 13.273245  0.620414  1.187999  0.11357369E+05
  210 33.217950 11.476444 11.428738  5.556215 -2.246906 13.275808  0.620435  1.188077  0.11387352E+05
  211 33.219428 11.477725 11.418738  5.552288 -2.252911 13.278312  0.620457  1.188156  0.11417605E+05
  212 33.220879 11.478994 11.408738  5.548362 -2.258916 13.280756  0.620479  1.188237  0.11448126E+05
  213 33.222304 11.480251 11.398738  5.544437 -2.264921 13.283144  0.620501  1.188319  0.11478911E+05
  214 33.223703 11.481496 11.388738  5.540513 -2.270926 13.285475  0.620524  1.188402  0.11509958E+05
  215 33.225078 11.482729 11.378738  5.536589 -2.276932 13.287751  0.620547  1.188487  0.11541265E+05
  216 33.226428 11.483950 11.368738  5.532666 -2.282938 13.289974  0.620571  1.188574  0.11572829E+05
  217 33.227754 11.485160 11.358738  5.528744 -2.288943 13.292144  0.620595  1.188662  0.11604648E+05
  218 33.229057 11.486359 11.348739  5.524823 -2.294949 13.294263  0.620619  1.188752  0.11636721E+05
  219 33.230336 11.487546 11.338739  5.520902 -2.300955 13.296331  0.620644  1.188843  0.11669044E+05
  220 33.231592 11.488722 11.328739  5.516982 -2.306962 13.298350  0.620670  1.188936  0.11701617E+05
  221 33.232826 11.489887 11.318739  5.513064 -2.312968 13.300321  0.620696  1.189031  0.11734437E+05
  222 33.234038 11.491042 11.308739  5.509146 -2.318975 13.302245  0.620722  1.189128  0.11767505E+05
  223 33.235229 11.492185 11.298739  5.505229 -2.324982 13.304122  0.620749  1.189226  0.11800817E+05
  224 33.236398 11.493318 11.288739  5.501312 -2.330989 13.305955  0.620776  1.189327  0.11834374E+05
  225 33.237547 11.494441 11.278739  5.497397 -2.336997 13.307744  0.620804  1.189429  0.11868174E+05
  226 33.238675 11.495553 11.268739  5.493483 -2.343005 13.309489  0.620833  1.189534  0.11902216E+05
  227 33.239782 11.496655 11.258739  5.489570 -2.349013 13.311193  0.620862  1.189641  0.11936500E+05
  228 33.240871 11.497747 11.248739  5.485658 -2.355021 13.312855  0.620891  1.189750  0.11971024E+05
  229 33.241939 11.498829 11.238739  5.481747 -2.361030 13.314477  0.620922  1.189861  0.12005789E+05
  230 33.242989 11.499901 11.228739  5.477837 -2.367039 13.316060  0.620953  1.189975  0.12040792E+05
  231 33.244020 11.500964 11.218739  5.473929 -2.373049 13.317604  0.620984  1.190091  0.12076034E+05
  232 33.245033 11.502017 11.208740  5.470021 -2.379059 13.319111  0.621016  1.190209  0.12111514E+05
  233 33.246027 11.503060 11.198740  5.466115 -2.385069 13.320581  0.621049  1.190330  0.12147230E+05
  234 33.247004 11.504094 11.188740  5.462210 -2.391080 13.322015  0.621083  1.190454  0.12183183E+05
  235 33.247963 11.505118 11.178740  5.458306 -2.397091 13.323414  0.621118  1.190580  0.12219371E+05
  236 33.248906 11.506134 11.168740  5.454404 -2.403103 13.324779  0.621153  1.190710  0.12255793E+05
  237 33.249831 11.507140 11.158740  5.450503 -2.409115 13.326110  0.621189  1.190842  0.12292450E+05
  238 33.250740 11.508137 11.148740  5.446604 -2.415128 13.327409  0.621226  1.190977  0.12329338E+05
  239 33.251632 11.509125 11.138740  5.442706 -2.421142 13.328675  0.621263  1.191115  0.12366459E+05
  240 33.252509 11.510105 11.128740  5.438809 -2.427156 13.329911  0.621302  1.191256  0.12403810E+05
  241 33.253370 11.511076 11.118740  5.434914 -2.433170 13.331116  0.621341  1.191401  0.12441391E+05
  242 33.254216 11.512038 11.108740  5.431021 -2.439186 13.332290  0.621381  1.191549  0.12479201E+05
  243 33.255046 11.512992 11.098741  5.427129 -2.445202 13.333436  0.621422  1.191700  0.12517238E+05
  244 33.255862 11.513937 11.088741  5.423239 -2.451218 13.334554  0.621464  1.191855  0.12555502E+05
  245 33.256663 11.514874 11.078741  5.419351 -2.457236 13.335643  0.621507  1.192014  0.12593991E+05
  246 33.257449 11.515802 11.068741  5.415464 -2.463254 13.336706  0.621552  1.192176  0.12632704E+05
  247 33.258222 11.516723 11.058741  5.411579 -2.469273 13.337742  0.621597  1.192342  0.12671640E+05
  248 33.258981 11.517635 11.048741  5.407696 -2.475292 13.338752  0.621643  1.192512  0.12710799E+05
  249 33.259726 11.518540 11.038741  5.403815 -2.481313 13.339737  0.621690  1.192686  0.12750178E+05
  250 33.260457 11.519436 11.028741  5.399936 -2.487334 13.340697  0.621739  1.192864  0.12789777E+05
  251 33.261176 11.520325 11.018741  5.396059 -2.493357 13.341633  0.621788  1.193046  0.12829595E+05
  252 33.261881 11.521206 11.008742  5.392184 -2.499380 13.342546  0.621839  1.193233  0.12869631E+05
  253 33.262574 11.522079 10.998742  5.388311 -2.505404 13.343436  0.621891  1.193424  0.12909884E+05
  254 33.263255 11.522945 10.988742  5.384440 -2.511429 13.344303  0.621944  1.193620  0.12950353E+05
  255 33.263923 11.523803 10.978742  5.380571 -2.517456 13.345148  0.621999  1.193821  0.12991038E+05
  256 33.264579 11.524654 10.968742  5.376705 -2.523483 13.345972  0.622054  1.194026  0.13031938E+05
  257 33.265223 11.525497 10.958742  5.372841 -2.529511 13.346775  0.622111  1.194237  0.13073052E+05
  258 33.265856 11.526333 10.948742  5.368980 -2.535541 13.347558  0.622170  1.194453  0.13114381E+05
  259 33.266477 11.527162 10.938742  5.365120 -2.541572 13.348321  0.622230  1.194673  0.13155924E+05
  260 33.267087 11.527983 10.928743  5.361264 -2.547604 13.349065  0.622291  1.194900  0.13197682E+05
  261 33.267685 11.528798 10.918743  5.357410 -2.553637 13.349789  0.622354  1.195131  0.13239654E+05
  262 33.268273 11.529606 10.908743  5.353558 -2.559672 13.350496  0.622419  1.195369  0.13281842E+05
  263 33.268851 11.530406 10.898743  5.349710 -2.565708 13.351184  0.622484  1.195612  0.13324245E+05
  264 33.269418 11.531200 10.888743  5.345864 -2.571746 13.351854  0.622552  1.195861  0.13366865E+05
  265 33.269974 11.531987 10.878743  5.342020 -2.577784 13.352508  0.622621  1.196116  0.13409701E+05
  266 33.270521 11.532767 10.868743  5.338180 -2.583825 13.353145  0.622692  1.196377  0.13452756E+05
  267 33.271057 11.533541 10.858744  5.334343 -2.589867 13.353765  0.622764  1.196645  0.13496029E+05
  268 33.271584 11.534308 10.848744  5.330508 -2.595910 13.354370  0.622838  1.196918  0.13539522E+05
  269 33.272101 11.535069 10.838744  5.326677 -2.601955 13.354959  0.622914  1.197199  0.13583236E+05
  270 33.272609 11.535823 10.828744  5.322848 -2.608001 13.355533  0.622992  1.197485  0.13627169E+05
  271 33.273107 11.536570 10.818744  5.319023 -2.614050 13.356092  0.623071  1.197779  0.13671324E+05
  272 33.273596 11.537312 10.808744  5.315201 -2.620099 13.356636  0.623153  1.198080  0.13715700E+05
  273 33.274077 11.538047 10.798744  5.311382 -2.626151 13.357167  0.623236  1.198387  0.13760297E+05
  274 33.274548 11.538775 10.788745  5.307566 -2.632204 13.357684  0.623321  1.198702  0.13805113E+05
  275 33.275011 11.539498 10.778745  5.303754 -2.638260 13.358188  0.623408  1.199023  0.13850148E+05
  276 33.275466 11.540215 10.768745  5.299945 -2.644317 13.358678  0.623497  1.199353  0.13895400E+05
  277 33.275912 11.540925 10.758745  5.296140 -2.650375 13.359156  0.623588  1.199689  0.13940865E+05
  278 33.276350 11.541630 10.748745  5.292338 -2.656436 13.359621  0.623681  1.200034  0.13986542E+05
  279 33.276780 11.542328 10.738745  5.288539 -2.662499 13.360075  0.623776  1.200386  0.14032427E+05
  280 33.277201 11.543021 10.728746  5.284745 -2.668564 13.360516  0.623873  1.200746  0.14078514E+05
  281 33.277616 11.543708 10.718746  5.280954 -2.674631 13.360946  0.623973  1.201114  0.14124801E+05
  282 33.278022 11.544389 10.708746  5.277167 -2.680700 13.361365  0.624074  1.201490  0.14171281E+05
  283 33.278421 11.545064 10.698746  5.273383 -2.686771 13.361773  0.624178  1.201875  0.14217948E+05
  284 33.278813 11.545734 10.688746  5.269604 -2.692845 13.362170  0.624284  1.202268  0.14264797E+05
  285 33.279197 11.546398 10.678746  5.265829 -2.698920 13.362557  0.624393  1.202670  0.14311821E+05
  286 33.279575 11.547057 10.668747  5.262058 -2.704999 13.362934  0.624503  1.203081  0.14359013E+05
  287 33.279945 11.547710 10.658747  5.258291 -2.711079 13.363301  0.624617  1.203502  0.14406368E+05
  288 33.280308 11.548358 10.648747  5.254529 -2.717163 13.363658  0.624732  1.203931  0.14453876E+05
  289 33.280665 11.549000 10.638747  5.250771 -2.723249 13.364006  0.624851  1.204370  0.14501533E+05
  290 33.281015 11.549637 10.628747  5.247017 -2.729337 13.364345  0.624971  1.204819  0.14549331E+05
  291 33.281358 11.550268 10.618748  5.243269 -2.735429 13.364675  0.625095  1.205278  0.14597264E+05
  292 33.281696 11.550895 10.608748  5.239525 -2.741523 13.364996  0.625221  1.205748  0.14645325E+05
  293 33.282026 11.551516 10.598748  5.235786 -2.747621 13.365309  0.625350  1.206227  0.14693509E+05
  294 33.282351 11.552132 10.588748  5.232052 -2.753721 13.365614  0.625482  1.206718  0.14741810E+05
  295 33.282670 11.552743 10.578748  5.228324 -2.759825 13.365910  0.625617  1.207219  0.14790224E+05
  296 33.282982 11.553349 10.568749  5.224601 -2.765933 13.366199  0.625754  1.207732  0.14838746E+05
  297 33.283289 11.553950 10.558749  5.220883 -2.772043 13.366480  0.625895  1.208256  0.14887372E+05
  298 33.283590 11.554546 10.548749  5.217171 -2.778158 13.366754  0.626039  1.208792  0.14936098E+05
  299 33.283886 11.555137 10.538749  5.213465 -2.784276 13.367020  0.626186  1.209340  0.14984923E+05
  300 33.284176 11.555723 10.528749  5.209765 -2.790398 13.367280  0.626336  1.209900  0.15033845E+05
  301 33.284460 11.556305 10.518750  5.206071 -2.796524 13.367532  0.626489  1.210473  0.15082861E+05
  302 33.284739 11.556881 10.508750  5.202384 -2.802654 13.367778  0.626646  1.211058  0.15131971E+05
  303 33.285013 11.557453 10.498750  5.198703 -2.808788 13.368017  0.626806  1.211657  0.15181175E+05
  304 33.285281 11.558021 10.488750  5.195028 -2.814927 13.368250  0.626970  1.212268  0.15230474E+05
  305 33.285545 11.558583 10.478751  5.191360 -2.821070 13.368477  0.627137  1.212893  0.15279870E+05
  306 33.285804 11.559141 10.468751  5.187699 -2.827218 13.368698  0.627308  1.213532  0.15329363E+05
  307 33.286057 11.559695 10.458751  5.184045 -2.833371 13.368913  0.627482  1.214184  0.15378956E+05
  308 33.286306 11.560244 10.448751  5.180399 -2.839529 13.369122  0.627660  1.214851  0.15428654E+05
  309 33.286550 11.560788 10.438751  5.176759 -2.845691 13.369326  0.627842  1.215531  0.15478460E+05
  310 33.286790 11.561328 10.428752  5.173127 -2.851859 13.369524  0.628027  1.216227  0.15528378E+05
  311 33.287025 11.561864 10.418752  5.169503 -2.858032 13.369717  0.628217  1.216936  0.15578415E+05
  312 33.287256 11.562396 10.408752  5.165886 -2.864211 13.369905  0.628410  1.217661  0.15628577E+05
  313 33.287482 11.562923 10.398752  5.162277 -2.870395 13.370088  0.628607  1.218400  0.15678869E+05
  314 33.287704 11.563446 10.388753  5.158676 -2.876584 13.370266  0.628807  1.219155  0.15729301E+05
  315 33.287921 11.563964 10.378753  5.155083 -2.882780 13.370439  0.629012  1.219925  0.15779881E+05
  316 33.288135 11.564479 10.368753  5.151499 -2.888981 13.370607  0.629221  1.220710  0.15830617E+05
  317 33.288344 11.564989 10.358753  5.147922 -2.895188 13.370771  0.629433  1.221510  0.15881520E+05
  318 33.288550 11.565496 10.348753  5.144354 -2.901402 13.370931  0.629650  1.222326  0.15932601E+05
  319 33.288751 11.565998 10.338754  5.140795 -2.907621 13.371087  0.629870  1.223157  0.15983871E+05
  320 33.288949 11.566496 10.328754  5.137244 -2.913847 13.371238  0.630095  1.224004  0.16035343E+05
  321 33.289142 11.566990 10.318754  5.133701 -2.920079 13.371385  0.630323  1.224866  0.16087031E+05
  322 33.289333 11.567481 10.308754  5.130167 -2.926318 13.371529  0.630556  1.225744  0.16138947E+05
  323 33.289519 11.567967 10.298755  5.126642 -2.932563 13.371668  0.630792  1.226637  0.16191108E+05
  324 33.289702 11.568450 10.288755  5.123125 -2.938814 13.371804  0.631032  1.227546  0.16243529E+05
  325 33.289881 11.568929 10.278755  5.119618 -2.945073 13.371936  0.631277  1.228471  0.16296226E+05
  326 33.290057 11.569404 10.268755  5.116118 -2.951338 13.372065  0.631525  1.229410  0.16349217E+05
  327 33.290230 11.569875 10.258756  5.112628 -2.957609 13.372190  0.631777  1.230365  0.16402520E+05
  328 33.290399 11.570343 10.248756  5.109147 -2.963888 13.372312  0.632032  1.231335  0.16456154E+05
  329 33.290565 11.570807 10.238756  5.105674 -2.970173 13.372430  0.632292  1.232320  0.16510138E+05
  330 33.290727 11.571267 10.228756  5.102210 -2.976465 13.372545  0.632555  1.233320  0.16564494E+05
  331 33.290887 11.571724 10.218757  5.098755 -2.982764 13.372658  0.632821  1.234334  0.16619241E+05
  332 33.291043 11.572177 10.208757  5.095308 -2.989069 13.372767  0.633092  1.235363  0.16674402E+05
  333 33.291197 11.572626 10.198757  5.091870 -2.995382 13.372873  0.633366  1.236406  0.16729999E+05
  334 33.291347 11.573072 10.188757  5.088440 -3.001701 13.372977  0.633643  1.237463  0.16786056E+05
  335 33.291495 11.573515 10.178758  5.085019 -3.008027 13.373078  0.633923  1.238533  0.16842595E+05
  336 33.291640 11.573954 10.168758  5.081606 -3.014360 13.373176  0.634207  1.239617  0.16899640E+05
  337 33.291781 11.574390 10.158758  5.078202 -3.020699 13.373271  0.634494  1.240714  0.16957218E+05
  338 33.291920 11.574823 10.148758  5.074805 -3.027045 13.373364  0.634784  1.241823  0.17015351E+05
  339 33.292057 11.575252 10.138759  5.071417 -3.033397 13.373454  0.635077  1.242945  0.17074067E+05
  340 33.292191 11.575678 10.128759  5.068036 -3.039756 13.373542  0.635373  1.244078  0.17133390E+05
  341 33.292322 11.576100 10.118759  5.064663 -3.046122 13.373628  0.635672  1.245224  0.17193347E+05
  342 33.292450 11.576520 10.108759  5.061297 -3.052493 13.373711  0.635973  1.246380  0.17253965E+05
  343 33.292576 11.576936 10.098760  5.057938 -3.058871 13.373792  0.636277  1.247547  0.17315269E+05
  344 33.292700 11.577349 10.088760  5.054587 -3.065254 13.373871  0.636583  1.248724  0.17377287E+05
  345 33.292821 11.577759 10.078760  5.051242 -3.071644 13.373948  0.636891  1.249911  0.17440045E+05
  346 33.292940 11.578165 10.068760  5.047904 -3.078039 13.374022  0.637201  1.251107  0.17503570E+05
  347 33.293056 11.578569 10.058761  5.044573 -3.084440 13.374095  0.637514  1.252312  0.17567890E+05
  348 33.293170 11.578969 10.048761  5.041247 -3.090846 13.374166  0.637828  1.253525  0.17633030E+05
  349 33.293282 11.579367 10.038761  5.037927 -3.097257 13.374235  0.638144  1.254746  0.17699017E+05
  350 33.293392 11.579761 10.028761  5.034613 -3.103674 13.374302  0.638461  1.255973  0.17765878E+05
  351 33.293499 11.580153 10.018761  5.031305 -3.110095 13.374367  0.638780  1.257208  0.17833639E+05
  352 33.293605 11.580541 10.008762  5.028001 -3.116521 13.374430  0.639100  1.258448  0.17902325E+05
  353 33.293708 11.580927  9.998762  5.024702 -3.122951 13.374492  0.639422  1.259694  0.17971962E+05
  354 33.293809 11.581310  9.988762  5.021408 -3.129385 13.374552  0.639744  1.260944  0.18042574E+05
  355 33.293908 11.581690  9.978762  5.018117 -3.135823 13.374610  0.640066  1.262199  0.18114185E+05
  356 33.294006 11.582067  9.968763  5.014830 -3.142265 13.374667  0.640390  1.263457  0.18186819E+05
  357 33.294101 11.582441  9.958763  5.011547 -3.148710 13.374722  0.640714  1.264718  0.18260497E+05
  358 33.294195 11.582812  9.948763  5.008267 -3.155159 13.374776  0.641038  1.265982  0.18335243E+05
  359 33.294286 11.583181  9.938763  5.004989 -3.161610 13.374829  0.641362  1.267247  0.18411077E+05
  360 33.294376 11.583546  9.928764  5.001714 -3.168064 13.374880  0.641686  1.268513  0.18488017E+05
  361 33.294464 11.583909  9.918764  4.998441 -3.174520 13.374929  0.642010  1.269780  0.18566084E+05
  362 33.294550 11.584270  9.908764  4.995170 -3.180978 13.374977  0.642334  1.271046  0.18645294E+05
  363 33.294635 11.584627  9.898764  4.991900 -3.187437 13.375024  0.642657  1.272312  0.18725663E+05
  364 33.294718 11.584982  9.888764  4.988630 -3.193898 13.375070  0.642980  1.273576  0.18807205E+05
  365 33.294799 11.585334  9.878765  4.985361 -3.200360 13.375114  0.643301  1.274839  0.18889934E+05
  366 33.294879 11.585684  9.868765  4.982092 -3.206823 13.375158  0.643622  1.276098  0.18973860E+05
  367 33.294957 11.586031  9.858765  4.978823 -3.213286 13.375200  0.643941  1.277355  0.19058993E+05
  368 33.295033 11.586375  9.848765  4.975554 -3.219749 13.375240  0.644259  1.278607  0.19145341E+05
  369 33.295108 11.586717  9.838765  4.972283 -3.226212 13.375280  0.644576  1.279855  0.19232909E+05
  370 33.295181 11.587057  9.828766  4.969010 -3.232674 13.375319  0.644891  1.281098  0.19321699E+05
  371 33.295253 11.587393  9.818766  4.965736 -3.239135 13.375356  0.645205  1.282336  0.19411714E+05
  372 33.295324 11.587727  9.808766  4.962460 -3.245595 13.375393  0.645516  1.283567  0.19502951E+05
  373 33.295393 11.588059  9.798766  4.959181 -3.252053 13.375429  0.645826  1.284792  0.19595408E+05
  374 33.295461 11.588388  9.788766  4.955899 -3.258509 13.375463  0.646134  1.286010  0.19689077E+05
  375 33.295527 11.588715  9.778767  4.952614 -3.264963 13.375497  0.646439  1.287220  0.19783950E+05
  376 33.295592 11.589039  9.768767  4.949325 -3.271415 13.375530  0.646742  1.288422  0.19880015E+05
  377 33.295656 11.589361  9.758767  4.946032 -3.277863 13.375562  0.647043  1.289616  0.19977258E+05
  378 33.295718 11.589680  9.748767  4.942735 -3.284308 13.375593  0.647341  1.290802  0.20075660E+05
  379 33.295779 11.589997  9.738767  4.939433 -3.290749 13.375623  0.647637  1.291978  0.20175201E+05
  380 33.295839 11.590312  9.728768  4.936126 -3.297187 13.375652  0.647930  1.293145  0.20275859E+05
  381 33.295898 11.590624  9.718768  4.932814 -3.303620 13.375681  0.648220  1.294302  0.20377606E+05
  382 33.295955 11.590934  9.708768  4.929496 -3.310049 13.375708  0.648508  1.295449  0.20480414E+05
  383 33.296012 11.591241  9.698768  4.926172 -3.316474 13.375735  0.648793  1.296586  0.20584249E+05
  384 33.296067 11.591546  9.688768  4.922843 -3.322893 13.375761  0.649075  1.297713  0.20689076E+05
  385 33.296121 11.591849  9.678768  4.919507 -3.329307 13.375787  0.649354  1.298830  0.20794858E+05
  386 33.296174 11.592149  9.668769  4.916164 -3.335715 13.375812  0.649631  1.299936  0.20901553E+05
  387 33.296226 11.592447  9.658769  4.912815 -3.342118 13.375836  0.649904  1.301032  0.21009116E+05
  388 33.296277 11.592743  9.648769  4.909458 -3.348515 13.375859  0.650175  1.302117  0.21117502E+05
  389 33.296327 11.593037  9.638769  4.906095 -3.354906 13.375882  0.650443  1.303192  0.21226662E+05
  390 33.296375 11.593328  9.628769  4.902725 -3.361290 13.375904  0.650708  1.304256  0.21336544E+05
  391 33.296423 11.593617  9.618770  4.899347 -3.367668 13.375926  0.650971  1.305311  0.21447095E+05
  392 33.296470 11.593904  9.608770  4.895962 -3.374040 13.375946  0.651230  1.306356  0.21558260E+05
  393 33.296516 11.594188  9.598770  4.892570 -3.380405 13.375967  0.651488  1.307391  0.21669983E+05
  394 33.296561 11.594471  9.588770  4.889170 -3.386763 13.375987  0.651742  1.308417  0.21782204E+05
  395 33.296605 11.594751  9.578770  4.885764 -3.393115 13.376006  0.651995  1.309435  0.21894865E+05
  396 33.296648 11.595029  9.568770  4.882349 -3.399460 13.376024  0.652245  1.310443  0.22007905E+05
  397 33.296690 11.595304  9.558770  4.878928 -3.405798 13.376043  0.652493  1.311444  0.22121264E+05
  398 33.296732 11.595578  9.548771  4.875500 -3.412129 13.376060  0.652739  1.312438  0.22234881E+05
  399 33.296772 11.595849  9.538771  4.872064 -3.418454 13.376077  0.652983  1.313424  0.22348695E+05
  400 33.296812 11.596119  9.528771  4.868622 -3.424772 13.376094  0.653225  1.314405  0.22462646E+05
  401 33.296851 11.596386  9.518771  4.865173 -3.431083 13.376110  0.653466  1.315380  0.22576674E+05
  402 33.296889 11.596651  9.508771  4.861718 -3.437388 13.376126  0.653705  1.316350  0.22690720E+05
  403 33.296926 11.596914  9.498771  4.858256 -3.443687 13.376141  0.653943  1.317315  0.22804727E+05
  404 33.296963 11.597174  9.488772  4.854789 -3.449979 13.376156  0.654180  1.318278  0.22918637E+05
  405 33.296999 11.597433  9.478772  4.851316 -3.456266 13.376171  0.654417  1.319238  0.23032398E+05
  406 33.297034 11.597690  9.468772  4.847838 -3.462546 13.376185  0.654653  1.320196  0.23145957E+05
  407 33.297068 11.597944  9.458772  4.844354 -3.468821 13.376198  0.654888  1.321153  0.23259263E+05
  408 33.297102 11.598197  9.448772  4.840867 -3.475091 13.376211  0.655123  1.322111  0.23372268E+05
  409 33.297135 11.598447  9.438772  4.837374 -3.481356 13.376224  0.655359  1.323069  0.23484927E+05
  410 33.297167 11.598696  9.428773  4.833878 -3.487616 13.376237  0.655594  1.324030  0.23597198E+05
  411 33.297198 11.598942  9.418773  4.830379 -3.493872 13.376249  0.655830  1.324993  0.23709041E+05
  412 33.297229 11.599187  9.408773  4.826877 -3.500124 13.376261  0.656067  1.325960  0.23820418E+05
  413 33.297260 11.599429  9.398773  4.823372 -3.506371 13.376272  0.656305  1.326932  0.23931295E+05
  414 33.297289 11.599670  9.388773  4.819865 -3.512616 13.376283  0.656545  1.327911  0.24041640E+05
  415 33.297318 11.599908  9.378773  4.816356 -3.518857 13.376294  0.656786  1.328896  0.24151426E+05
  416 33.297347 11.600145  9.368774  4.812846 -3.525096 13.376305  0.657028  1.329889  0.24260626E+05
  417 33.297375 11.600379  9.358774  4.809336 -3.531332 13.376315  0.657273  1.330891  0.24369217E+05
  418 33.297402 11.600612  9.348774  4.805825 -3.537566 13.376325  0.657520  1.331904  0.24477180E+05
  419 33.297429 11.600843  9.338774  4.802314 -3.543799 13.376334  0.657769  1.332927  0.24584497E+05
  420 33.297455 11.601072  9.328774  4.798805 -3.550030 13.376344  0.658021  1.333963  0.24691153E+05
  421 33.297480 11.601299  9.318774  4.795296 -3.556261 13.376353  0.658277  1.335012  0.24797135E+05
  422 33.297506 11.601524  9.308775  4.791790 -3.562492 13.376362  0.658535  1.336075  0.24902435E+05
  423 33.297530 11.601748  9.298775  4.788286 -3.568722 13.376370  0.658797  1.337154  0.25007043E+05
  424 33.297554 11.601969  9.288775  4.784784 -3.574954 13.376379  0.659063  1.338249  0.25110954E+05
  425 33.297578 11.602189  9.278775  4.781286 -3.581186 13.376387  0.659333  1.339361  0.25214164E+05
  426 33.297601 11.602407  9.268775  4.777792 -3.587419 13.376395  0.659607  1.340491  0.25316672E+05
  427 33.297623 11.602623  9.258775  4.774303 -3.593655 13.376402  0.659885  1.341641  0.25418476E+05
  428 33.297645 11.602838  9.248776  4.770818 -3.599892 13.376410  0.660168  1.342811  0.25519579E+05
  429 33.297667 11.603050  9.238776  4.767338 -3.606132 13.376417  0.660456  1.344003  0.25619983E+05
  430 33.297688 11.603261  9.228776  4.763864 -3.612376 13.376424  0.660749  1.345217  0.25719693E+05
  431 33.297709 11.603470  9.218776  4.760397 -3.618623 13.376431  0.661048  1.346453  0.25818712E+05
  432 33.297729 11.603678  9.208776  4.756936 -3.624874 13.376437  0.661352  1.347714  0.25917049E+05
  433 33.297749 11.603884  9.198776  4.753482 -3.631129 13.376444  0.661661  1.349000  0.26014711E+05
  434 33.297769 11.604088  9.188777  4.750037 -3.637389 13.376450  0.661977  1.350312  0.26111705E+05
  435 33.297788 11.604290  9.178777  4.746599 -3.643654 13.376456  0.662299  1.351651  0.26208041E+05
  436 33.297806 11.604491  9.168777  4.743170 -3.649924 13.376462  0.662627  1.353017  0.26303730E+05
  437 33.297824 11.604690  9.158777  4.739750 -3.656201 13.376467  0.662961  1.354411  0.26398782E+05
  438 33.297842 11.604888  9.148777  4.736339 -3.662484 13.376473  0.663302  1.355835  0.26493210E+05
  439 33.297860 11.605084  9.138778  4.732939 -3.668774 13.376478  0.663650  1.357289  0.26587025E+05
  440 33.297877 11.605278  9.128778  4.729548 -3.675071 13.376484  0.664005  1.358773  0.26680242E+05
  441 33.297894 11.605471  9.118778  4.726169 -3.681375 13.376489  0.664367  1.360289  0.26772873E+05
  442 33.297910 11.605662  9.108778  4.722800 -3.687687 13.376494  0.664736  1.361838  0.26864933E+05
  443 33.297926 11.605852  9.098778  4.719443 -3.694008 13.376498  0.665113  1.363419  0.26956439E+05
  444 33.297942 11.606040  9.088779  4.716098 -3.700337 13.376503  0.665497  1.365034  0.27047407E+05
  445 33.297957 11.606226  9.078779  4.712765 -3.706675 13.376508  0.665889  1.366683  0.27137852E+05
  446 33.297972 11.606412  9.068779  4.709444 -3.713023 13.376512  0.666289  1.368367  0.27227795E+05
  447 33.297987 11.606595  9.058779  4.706136 -3.719380 13.376516  0.666696  1.370087  0.27317252E+05
  448 33.298001 11.606778  9.048779  4.702842 -3.725747 13.376520  0.667112  1.371843  0.27406245E+05
  449 33.298016 11.606958  9.038780  4.699561 -3.732124 13.376524  0.667536  1.373635  0.27494794E+05
  450 33.298029 11.607138  9.028780  4.696294 -3.738512 13.376528  0.667968  1.375465  0.27582922E+05
  451 33.298043 11.607316  9.018780  4.693041 -3.744911 13.376532  0.668408  1.377333  0.27670651E+05
  452 33.298056 11.607492  9.008780  4.689802 -3.751321 13.376536  0.668857  1.379239  0.27758006E+05
  453 33.298069 11.607667  8.998780  4.686578 -3.757742 13.376539  0.669314  1.381183  0.27845012E+05
  454 33.298082 11.607841  8.988781  4.683369 -3.764175 13.376543  0.669780  1.383167  0.27931696E+05
  455 33.298094 11.608013  8.978781  4.680175 -3.770620 13.376546  0.670254  1.385190  0.28018087E+05
  456 33.298106 11.608185  8.968781  4.676996 -3.777078 13.376550  0.670737  1.387254  0.28104215E+05
  457 33.298118 11.608354  8.958781  4.673833 -3.783548 13.376553  0.671228  1.389357  0.28190109E+05
  458 33.298130 11.608523  8.948781  4.670685 -3.790030 13.376556  0.671729  1.391501  0.28275803E+05
  459 33.298141 11.608690  8.938782  4.667554 -3.796526 13.376559  0.672238  1.393686  0.28361331E+05
  460 33.298153 11.608856  8.928782  4.664438 -3.803034 13.376562  0.672755  1.395912  0.28446727E+05
  461 33.298163 11.609020  8.918782  4.661339 -3.809556 13.376565  0.673282  1.398180  0.28532027E+05
  462 33.298174 11.609184  8.908782  4.658256 -3.816092 13.376567  0.673817  1.400489  0.28617271E+05
  463 33.298185 11.609346  8.898782  4.655190 -3.822641 13.376570  0.674361  1.402840  0.28702496E+05
  464 33.298195 11.609507  8.888783  4.652141 -3.829204 13.376573  0.674914  1.405233  0.28787744E+05
  465 33.298205 11.609666  8.878783  4.649108 -3.835781 13.376575  0.675475  1.407667  0.28873055E+05
  466 33.298215 11.609825  8.868783  4.646091 -3.842372 13.376578  0.676045  1.410144  0.28958472E+05
  467 33.298224 11.609982  8.858783  4.643092 -3.848977 13.376580  0.676623  1.412663  0.29044039E+05
  468 33.298234 11.610138  8.848784  4.640109 -3.855597 13.376582  0.677211  1.415225  0.29129799E+05
  469 33.298243 11.610293  8.838784  4.637144 -3.862230 13.376585  0.677806  1.417828  0.29215798E+05
  470 33.298252 11.610447  8.828784  4.634195 -3.868879 13.376587  0.678411  1.420474  0.29302081E+05
  471 33.298261 11.610600  8.818784  4.631263 -3.875541 13.376589  0.679023  1.423162  0.29388694E+05
  472 33.298269 11.610751  8.808784  4.628348 -3.882219 13.376591  0.679644  1.425892  0.29475684E+05
  473 33.298278 11.610902  8.798785  4.625450 -3.888910 13.376593  0.680274  1.428664  0.29563097E+05
  474 33.298286 11.611051  8.788785  4.622569 -3.895617 13.376595  0.680911  1.431478  0.29650981E+05
  475 33.298294 11.611200  8.778785  4.619705 -3.902338 13.376597  0.681557  1.434334  0.29739382E+05
  476 33.298302 11.611347  8.768785  4.616857 -3.909074 13.376599  0.682211  1.437231  0.29828345E+05
  477 33.298309 11.611493  8.758786  4.614026 -3.915824 13.376601  0.682872  1.440170  0.29917919E+05
  478 33.298317 11.611638  8.748786  4.611212 -3.922588 13.376602  0.683542  1.443151  0.30008147E+05
  479 33.298324 11.611782  8.738786  4.608413 -3.929367 13.376604  0.684219  1.446173  0.30099076E+05
  480 33.298332 11.611925  8.728786  4.605632 -3.936161 13.376606  0.684904  1.449235  0.30190750E+05
  481 33.298339 11.612067  8.718786  4.602866 -3.942969 13.376607  0.685597  1.452339  0.30283211E+05
  482 33.298346 11.612209  8.708787  4.600116 -3.949791 13.376609  0.686297  1.455483  0.30376504E+05
  483 33.298352 11.612349  8.698787  4.597383 -3.956627 13.376610  0.687004  1.458667  0.30470669E+05
  484 33.298359 11.612488  8.688787  4.594665 -3.963478 13.376612  0.687719  1.461891  0.30565746E+05
  485 33.298366 11.612626  8.678787  4.591963 -3.970342 13.376613  0.688441  1.465156  0.30661775E+05
  486 33.298372 11.612763  8.668788  4.589276 -3.977220 13.376615  0.689169  1.468460  0.30758793E+05
  487 33.298378 11.612900  8.658788  4.586604 -3.984112 13.376616  0.689905  1.471803  0.30856837E+05
  488 33.298384 11.613035  8.648788  4.583947 -3.991017 13.376618  0.690647  1.475186  0.30955941E+05
  489 33.298390 11.613169  8.638788  4.581306 -3.997936 13.376619  0.691397  1.478607  0.31056138E+05
  490 33.298396 11.613303  8.628789  4.578679 -4.004868 13.376620  0.692152  1.482067  0.31157460E+05
  491 33.298402 11.613436  8.618789  4.576066 -4.011813 13.376621  0.692915  1.485566  0.31259936E+05
  492 33.298407 11.613567  8.608789  4.573468 -4.018771 13.376622  0.693683  1.489103  0.31363595E+05
  493 33.298413 11.613698  8.598789  4.570884 -4.025742 13.376624  0.694458  1.492678  0.31468462E+05
  494 33.298418 11.613828  8.588789  4.568313 -4.032726 13.376625  0.695239  1.496290  0.31574561E+05
  495 33.298423 11.613957  8.578790  4.565757 -4.039722 13.376626  0.696027  1.499940  0.31681916E+05
  496 33.298428 11.614086  8.568790  4.563214 -4.046730 13.376627  0.696820  1.503628  0.31790547E+05
  497 33.298433 11.614213  8.558790  4.560684 -4.053750 13.376628  0.697619  1.507352  0.31900471E+05
  498 33.298438 11.614340  8.548790  4.558167 -4.060783 13.376629  0.698423  1.511114  0.32011707E+05
  499 33.298443 11.614465  8.538791  4.555663 -4.067827 13.376630  0.699234  1.514912  0.32124269E+05
  500 33.298448 11.614590  8.528791  4.553172 -4.074882 13.376631  0.700050  1.518748  0.32238169E+05
  501 33.298452 11.614715  8.518791  4.550693 -4.081949 13.376632  0.700872  1.522619  0.32353419E+05
  502 33.298457 11.614838  8.508791  4.548226 -4.089027 13.376633  0.701699  1.526527  0.32470028E+05
  503 33.298461 11.614961  8.498792  4.545771 -4.096116 13.376634  0.702531  1.530471  0.32588003E+05
  504 33.298465 11.615082  8.488792  4.543328 -4.103216 13.376634  0.703369  1.534452  0.32707349E+05
  505 33.298470 11.615203  8.478792  4.540897 -4.110327 13.376635  0.704212  1.538468  0.32828069E+05
  506 33.298474 11.615324  8.468792  4.538477 -4.117448 13.376636  0.705060  1.542521  0.32950166E+05
  507 33.298478 11.615443  8.458792  4.536068 -4.124579 13.376637  0.705913  1.546610  0.33073640E+05
  508 33.298482 11.615562  8.448793  4.533671 -4.131720 13.376638  0.706771  1.550734  0.33198488E+05
  509 33.298485 11.615680  8.438793  4.531284 -4.138871 13.376638  0.707634  1.554894  0.33324706E+05
  510 33.298489 11.615797  8.428793  4.528908 -4.146032 13.376639  0.708502  1.559090  0.33452291E+05
  511 33.298493 11.615914  8.418793  4.526542 -4.153202 13.376640  0.709375  1.563323  0.33581234E+05
  512 33.298496 11.616029  8.408794  4.524187 -4.160382 13.376640  0.710252  1.567591  0.33711528E+05
  513 33.298500 11.616144  8.398794  4.521842 -4.167571 13.376641  0.711135  1.571895  0.33843163E+05
  514 33.298503 11.616259  8.388794  4.519507 -4.174769 13.376642  0.712022  1.576235  0.33976128E+05
  515 33.298507 11.616372  8.378794  4.517182 -4.181976 13.376642  0.712913  1.580611  0.34110409E+05
  516 33.298510 11.616485  8.368794  4.514866 -4.189192 13.376643  0.713810  1.585023  0.34245994E+05
  517 33.298513 11.616598  8.358795  4.512560 -4.196417 13.376644  0.714711  1.589472  0.34382867E+05
  518 33.298516 11.616709  8.348795  4.510264 -4.203650 13.376644  0.715616  1.593957  0.34521012E+05
  519 33.298519 11.616820  8.338795  4.507976 -4.210891 13.376645  0.716526  1.598479  0.34660412E+05
  520 33.298523 11.616930  8.328795  4.505698 -4.218141 13.376645  0.717441  1.603037  0.34801048E+05
  521 33.298525 11.617040  8.318796  4.503429 -4.225398 13.376646  0.718360  1.607633  0.34942902E+05
  522 33.298528 11.617149  8.308796  4.501169 -4.232664 13.376646  0.719284  1.612266  0.35085954E+05
  523 33.298531 11.617257  8.298796  4.498918 -4.239937 13.376647  0.720212  1.616935  0.35230183E+05
  524 33.298534 11.617364  8.288796  4.496676 -4.247219 13.376647  0.721144  1.621643  0.35375569E+05
  525 33.298537 11.617471  8.278797  4.494442 -4.254508 13.376648  0.722081  1.626388  0.35522090E+05
  526 33.298539 11.617578  8.268797  4.492216 -4.261804 13.376648  0.723023  1.631171  0.35669724E+05
  527 33.298542 11.617683  8.258797  4.490000 -4.269108 13.376649  0.723968  1.635993  0.35818450E+05
  528 33.298544 11.617788  8.248797  4.487791 -4.276420 13.376649  0.724919  1.640853  0.35968244E+05
  529 33.298547 11.617893  8.238797  4.485591 -4.283738 13.376650  0.725873  1.645751  0.36119084E+05
  530 33.298549 11.617997  8.228798  4.483400 -4.291064 13.376650  0.726832  1.650689  0.36270949E+05
  531 33.298552 11.618100  8.218798  4.481216 -4.298398 13.376650  0.727796  1.655666  0.36423817E+05
  532 33.298554 11.618202  8.208798  4.479041 -4.305738 13.376651  0.728764  1.660683  0.36577665E+05
  533 33.298556 11.618304  8.198798  4.476874 -4.313085 13.376651  0.729736  1.665740  0.36732472E+05
  534 33.298558 11.618406  8.188798  4.474714 -4.320440 13.376651  0.730712  1.670837  0.36888218E+05
  535 33.298561 11.618507  8.178799  4.472563 -4.327801 13.376652  0.731693  1.675975  0.37044882E+05
  536 33.298563 11.618607  8.168799  4.470420 -4.335169 13.376652  0.732679  1.681153  0.37202444E+05
  537 33.298565 11.618706  8.158799  4.468285 -4.342545 13.376653  0.733668  1.686373  0.37360886E+05
  538 33.298567 11.618805  8.148799  4.466158 -4.349927 13.376653  0.734663  1.691634  0.37520189E+05
  539 33.298569 11.618904  8.138800  4.464039 -4.357316 13.376653  0.735661  1.696937  0.37680337E+05
  540 33.298571 11.619002  8.128800  4.461927 -4.364711 13.376654  0.736664  1.702283  0.37841313E+05
  541 33.298573 11.619099  8.118800  4.459824 -4.372114 13.376654  0.737671  1.707671  0.38003102E+05
  542 33.298574 11.619196  8.108800  4.457728 -4.379523 13.376654  0.738683  1.713101  0.38165690E+05
  543 33.298576 11.619265  8.101606  4.456226 -4.384858 13.376654  0.739413  1.717035  0.38283154E+05
