# DMESTAR Mass Track Snapshot
#
# Model Number:    350  Age (Myr):     17.302
#  Mass (Msun):  1.000 Fe/H (dex):   0.05
#
#---------
   16  580
    1 28.361093  8.783962 16.408233  6.893302  1.387118  0.000016  0.618365  1.180486  0.00000000E+00
    2 28.411093  8.800629 16.408192  6.893293  1.387086  0.000018  0.618365  1.180486  0.00000000E+00
    3 28.461093  8.817298 16.408147  6.893283  1.387051  0.000020  0.618365  1.180486  0.00000000E+00
    4 28.511093  8.833967 16.408098  6.893272  1.387013  0.000023  0.618365  1.180486  0.00000000E+00
    5 28.561093  8.850638 16.408046  6.893261  1.386972  0.000025  0.618365  1.180486  0.00000000E+00
    6 28.611093  8.867310 16.407989  6.893249  1.386928  0.000029  0.618365  1.180486  0.00000000E+00
    7 28.661093  8.883982 16.407928  6.893235  1.386881  0.000032  0.618365  1.180486  0.00000000E+00
    8 28.711093  8.900656 16.407862  6.893221  1.386829  0.000036  0.618365  1.180486  0.00000000E+00
    9 28.761093  8.917332 16.407791  6.893205  1.386774  0.000040  0.618365  1.180486  0.00000000E+00
   10 28.811093  8.934008 16.407714  6.893189  1.386714  0.000045  0.618365  1.180486  0.00000000E+00
   11 28.861093  8.950685 16.407631  6.893171  1.386649  0.000051  0.618365  1.180486  0.00000000E+00
   12 28.911093  8.967364 16.407541  6.893151  1.386579  0.000057  0.618365  1.180486  0.00000000E+00
   13 28.961093  8.984044 16.407444  6.893130  1.386504  0.000064  0.618365  1.180486  0.00000000E+00
   14 29.011093  9.000726 16.407340  6.893107  1.386422  0.000072  0.618365  1.180486  0.00000000E+00
   15 29.061093  9.017409 16.407226  6.893082  1.386334  0.000080  0.618365  1.180486  0.00000000E+00
   16 29.111093  9.034093 16.407104  6.893056  1.386239  0.000090  0.618365  1.180486  0.00000000E+00
   17 29.161093  9.050779 16.406973  6.893027  1.386137  0.000101  0.618365  1.180486  0.00000000E+00
   18 29.211093  9.067467 16.406830  6.892996  1.386026  0.000114  0.618365  1.180486  0.00000000E+00
   19 29.261093  9.084157 16.406677  6.892963  1.385906  0.000127  0.618365  1.180486  0.00000000E+00
   20 29.311093  9.100849 16.406511  6.892927  1.385777  0.000143  0.618365  1.180486  0.00000000E+00
   21 29.361093  9.117543 16.406331  6.892888  1.385638  0.000160  0.618365  1.180486  0.00000000E+00
   22 29.411093  9.134239 16.406138  6.892845  1.385487  0.000180  0.618365  1.180486  0.00000000E+00
   23 29.461093  9.150938 16.405929  6.892800  1.385324  0.000202  0.618365  1.180486  0.00000000E+00
   24 29.511093  9.167639 16.405703  6.892751  1.385149  0.000227  0.618365  1.180486  0.00000000E+00
   25 29.561093  9.184343 16.405459  6.892698  1.384959  0.000254  0.618365  1.180486  0.00000000E+00
   26 29.611093  9.201050 16.405196  6.892640  1.384754  0.000285  0.618365  1.180486  0.00000000E+00
   27 29.661093  9.217761 16.404911  6.892578  1.384532  0.000320  0.618365  1.180486  0.00000000E+00
   28 29.711093  9.234475 16.404604  6.892511  1.384293  0.000359  0.618365  1.180486  0.00000000E+00
   29 29.761093  9.251193 16.404272  6.892439  1.384035  0.000403  0.618365  1.180486  0.00000000E+00
   30 29.811093  9.267916 16.403914  6.892361  1.383756  0.000452  0.618365  1.180486  0.00000000E+00
   31 29.861093  9.284642 16.403527  6.892277  1.383454  0.000507  0.618365  1.180486  0.00000000E+00
   32 29.911093  9.301374 16.403109  6.892186  1.383129  0.000569  0.618365  1.180486  0.00000000E+00
   33 29.961093  9.318111 16.402657  6.892087  1.382777  0.000638  0.618365  1.180486  0.00000000E+00
   34 30.011093  9.334853 16.402169  6.891981  1.382397  0.000716  0.618365  1.180486  0.00000000E+00
   35 30.061093  9.351602 16.401642  6.891867  1.381987  0.000803  0.618365  1.180486  0.00000000E+00
   36 30.111093  9.368357 16.401073  6.891743  1.381544  0.000900  0.618365  1.180485  0.00000000E+00
   37 30.161093  9.385119 16.400458  6.891609  1.381065  0.001010  0.618365  1.180485  0.00000000E+00
   38 30.211093  9.401889 16.399793  6.891464  1.380547  0.001133  0.618365  1.180485  0.00000000E+00
   39 30.261093  9.418668 16.399075  6.891308  1.379988  0.001271  0.618365  1.180485  0.00000000E+00
   40 30.311093  9.435455 16.398299  6.891139  1.379384  0.001425  0.618365  1.180485  0.00000000E+00
   41 30.361093  9.452252 16.397461  6.890957  1.378731  0.001599  0.618365  1.180485  0.00000000E+00
   42 30.411093  9.469060 16.396555  6.890760  1.378026  0.001793  0.618365  1.180485  0.00000000E+00
   43 30.461093  9.485879 16.395576  6.890547  1.377264  0.002011  0.618365  1.180485  0.00000000E+00
   44 30.511093  9.502710 16.394518  6.890317  1.376440  0.002255  0.618365  1.180485  0.00000000E+00
   45 30.561093  9.519555 16.393375  6.890068  1.375549  0.002529  0.618365  1.180485  0.00000000E+00
   46 30.611093  9.536414 16.392139  6.889800  1.374586  0.002836  0.618364  1.180485  0.00000000E+00
   47 30.661093  9.553288 16.390803  6.889510  1.373546  0.003180  0.618364  1.180485  0.00000000E+00
   48 30.711093  9.570180 16.389359  6.889196  1.372421  0.003566  0.618364  1.180485  0.00000000E+00
   49 30.761093  9.587090 16.387797  6.888857  1.371204  0.003998  0.618364  1.180485  0.00000000E+00
   50 30.811093  9.604019 16.386109  6.888490  1.369888  0.004483  0.618364  1.180485  0.00000000E+00
   51 30.861093  9.620970 16.384283  6.888094  1.368465  0.005026  0.618364  1.180485  0.00000000E+00
   52 30.911093  9.637944 16.382308  6.887665  1.366926  0.005634  0.618364  1.180485  0.00000000E+00
   53 30.961093  9.654943 16.380171  6.887202  1.365261  0.006316  0.618364  1.180485  0.00000000E+00
   54 31.011093  9.671970 16.377860  6.886700  1.363460  0.007079  0.618364  1.180485  0.00000000E+00
   55 31.061093  9.689026 16.375359  6.886158  1.361510  0.007934  0.618364  1.180485  0.00000000E+00
   56 31.111093  9.706113 16.372653  6.885572  1.359400  0.008891  0.618364  1.180485  0.00000000E+00
   57 31.161093  9.723236 16.369723  6.884937  1.357116  0.009964  0.618364  1.180484  0.00000000E+00
   58 31.211093  9.740396 16.366552  6.884250  1.354642  0.011164  0.618364  1.180484  0.00000000E+00
   59 31.261093  9.757598 16.363117  6.883507  1.351963  0.012507  0.618364  1.180484  0.00000000E+00
   60 31.311093  9.774843 16.359397  6.882703  1.349061  0.014011  0.618364  1.180484  0.00000000E+00
   61 31.361093  9.792137 16.355367  6.881832  1.345916  0.015693  0.618364  1.180484  0.00000000E+00
   62 31.411093  9.809484 16.350999  6.880888  1.342507  0.017574  0.618364  1.180484  0.00000000E+00
   63 31.461093  9.826887 16.346264  6.879866  1.338811  0.019678  0.618363  1.180484  0.00000000E+00
   64 31.511093  9.844353 16.341129  6.878758  1.334802  0.022030  0.618363  1.180484  0.00000000E+00
   65 31.561093  9.861887 16.335558  6.877558  1.330451  0.024659  0.618363  1.180483  0.00000000E+00
   66 31.611093  9.879494 16.329513  6.876256  1.325729  0.027597  0.618363  1.180483  0.00000000E+00
   67 31.661093  9.897182 16.322950  6.874844  1.320600  0.030877  0.618363  1.180483  0.00000000E+00
   68 31.711093  9.914958 16.315820  6.873311  1.315027  0.034540  0.618363  1.180483  0.00000000E+00
   69 31.761093  9.932830 16.308072  6.871647  1.308968  0.038628  0.618363  1.180483  0.00000000E+00
   70 31.811093  9.950807 16.299647  6.869840  1.302378  0.043187  0.618363  1.180483  0.00000000E+00
   71 31.861093  9.968900 16.290479  6.867876  1.295204  0.048271  0.618362  1.180482  0.00000000E+00
   72 31.911093  9.987119 16.280497  6.865740  1.287390  0.053935  0.618362  1.180482  0.00000000E+00
   73 31.957509 10.004156 16.270432  6.863590  1.279508  0.059767  0.618362  1.180482  0.00000000E+00
   74 32.000479 10.020045 16.260367  6.861442  1.271622  0.065708  0.618362  1.180482  0.00000000E+00
   75 32.040454 10.034935 16.250300  6.859296  1.263732  0.071743  0.618362  1.180481  0.00000000E+00
   76 32.077803 10.048950 16.240232  6.857153  1.255838  0.077862  0.618362  1.180481  0.00000000E+00
   77 32.112831 10.062191 16.230164  6.855013  1.247940  0.084053  0.618361  1.180481  0.00000000E+00
   78 32.145793 10.074743 16.220094  6.852875  1.240038  0.090308  0.618361  1.180481  0.00000000E+00
   79 32.176902 10.086678 16.210024  6.850739  1.232133  0.096617  0.618361  1.180480  0.00000000E+00
   80 32.206344 10.098057 16.199952  6.848606  1.224223  0.102972  0.618361  1.180480  0.00000000E+00
   81 32.234274 10.108932 16.189880  6.846475  1.216311  0.109365  0.618361  1.180480  0.00000000E+00
   82 32.260829 10.119348 16.179807  6.844346  1.208394  0.115790  0.618361  1.180480  0.00000000E+00
   83 32.286127 10.129346 16.169732  6.842220  1.200474  0.122241  0.618361  1.180480  0.00000000E+00
   84 32.310273 10.138959 16.159658  6.840095  1.192551  0.128710  0.618361  1.180480  0.00000000E+00
   85 32.333358 10.148218 16.149582  6.837973  1.184625  0.135193  0.618360  1.180479  0.00000000E+00
   86 32.355463 10.157151 16.139505  6.835852  1.176695  0.141685  0.618360  1.180479  0.00000000E+00
   87 32.376660 10.165781 16.129428  6.833734  1.168762  0.148180  0.618360  1.180479  0.00000000E+00
   88 32.397014 10.174130 16.119349  6.831617  1.160825  0.154674  0.618360  1.180479  0.00000000E+00
   89 32.416583 10.182216 16.109270  6.829503  1.152886  0.161163  0.618360  1.180479  0.00000000E+00
   90 32.435418 10.190059 16.099190  6.827390  1.144944  0.167643  0.618360  1.180479  0.00000000E+00
   91 32.453568 10.197672 16.089109  6.825279  1.136998  0.174110  0.618360  1.180478  0.00000000E+00
   92 32.471074 10.205071 16.079027  6.823169  1.129050  0.180560  0.618360  1.180478  0.00000000E+00
   93 32.487976 10.212268 16.068944  6.821062  1.121099  0.186991  0.618359  1.180478  0.00000000E+00
   94 32.504309 10.219276 16.058861  6.818955  1.113145  0.193400  0.618359  1.180478  0.00000000E+00
   95 32.520105 10.226104 16.048777  6.816851  1.105188  0.199782  0.618359  1.180478  0.00000000E+00
   96 32.535395 10.232764 16.038691  6.814748  1.097228  0.206137  0.618359  1.180478  0.00000000E+00
   97 32.550206 10.239263 16.028605  6.812646  1.089266  0.212461  0.618359  1.180478  0.00000000E+00
   98 32.564563 10.245612 16.018518  6.810546  1.081301  0.218752  0.618359  1.180477  0.00000000E+00
   99 32.578489 10.251816 16.008430  6.808447  1.073334  0.225007  0.618359  1.180477  0.00000000E+00
  100 32.592006 10.257884 15.998342  6.806349  1.065364  0.231225  0.618359  1.180477  0.00000000E+00
  101 32.605135 10.263822 15.988252  6.804252  1.057391  0.237404  0.618359  1.180477  0.00000000E+00
  102 32.617892 10.269636 15.978162  6.802157  1.049416  0.243541  0.618359  1.180477  0.00000000E+00
  103 32.630297 10.275332 15.968070  6.800063  1.041439  0.249635  0.618359  1.180477  0.00000000E+00
  104 32.642364 10.280916 15.957978  6.797970  1.033460  0.255684  0.618358  1.180477  0.00000000E+00
  105 32.654109 10.286392 15.947885  6.795877  1.025479  0.261687  0.618358  1.180477  0.00000000E+00
  106 32.665547 10.291765 15.937791  6.793786  1.017495  0.267642  0.618358  1.180477  0.00000000E+00
  107 32.676690 10.297039 15.927696  6.791695  1.009510  0.273547  0.618358  1.180476  0.00000000E+00
  108 32.687550 10.302220 15.917601  6.789605  1.001522  0.279402  0.618358  1.180476  0.00000000E+00
  109 32.698139 10.307309 15.907504  6.787516  0.993533  0.285205  0.618358  1.180476  0.00000000E+00
  110 32.708469 10.312312 15.897406  6.785427  0.985542  0.290956  0.618358  1.180476  0.00000000E+00
  111 32.718549 10.317231 15.887308  6.783339  0.977549  0.296653  0.618358  1.180476  0.00000000E+00
  112 32.728389 10.322070 15.877209  6.781251  0.969555  0.302295  0.618358  1.180476  0.00000000E+00
  113 32.737998 10.326832 15.867108  6.779164  0.961558  0.307882  0.618358  1.180476  0.00000000E+00
  114 32.747385 10.331519 15.857007  6.777077  0.953561  0.313412  0.618358  1.180476  0.00000000E+00
  115 32.756558 10.336135 15.846905  6.774990  0.945561  0.318885  0.618358  1.180476  0.00000000E+00
  116 32.765525 10.340681 15.836802  6.772903  0.937561  0.324300  0.618358  1.180476  0.00000000E+00
  117 32.774292 10.345161 15.826699  6.770817  0.929559  0.329657  0.618357  1.180476  0.00000000E+00
  118 32.782868 10.349577 15.816594  6.768731  0.921555  0.334955  0.618357  1.180476  0.00000000E+00
  119 32.791258 10.353930 15.806488  6.766645  0.913551  0.340193  0.618357  1.180475  0.00000000E+00
  120 32.799470 10.358223 15.796381  6.764559  0.905545  0.345371  0.618357  1.180475  0.00000000E+00
  121 32.807508 10.362459 15.786274  6.762473  0.897538  0.350488  0.618357  1.180475  0.00000000E+00
  122 32.815378 10.366637 15.776165  6.760386  0.889530  0.355545  0.618357  1.180475  0.00000000E+00
  123 32.823086 10.370762 15.766056  6.758300  0.881521  0.360540  0.618357  1.180475  0.00000000E+00
  124 32.830637 10.374833 15.755946  6.756213  0.873511  0.365473  0.618357  1.180475  0.00000000E+00
  125 32.838037 10.378854 15.745835  6.754126  0.865500  0.370345  0.618357  1.180475  0.00000000E+00
  126 32.845288 10.382825 15.735722  6.752039  0.857488  0.375154  0.618357  1.180475  0.00000000E+00
  127 32.852397 10.386747 15.725609  6.749951  0.849476  0.379901  0.618357  1.180475  0.00000000E+00
  128 32.859367 10.390624 15.715495  6.747862  0.841463  0.384585  0.618357  1.180475  0.00000000E+00
  129 32.866203 10.394454 15.705380  6.745773  0.833449  0.389206  0.618357  1.180475  0.00000000E+00
  130 32.872908 10.398241 15.695264  6.743683  0.825435  0.393765  0.618357  1.180475  0.00000000E+00
  131 32.879486 10.401985 15.685147  6.741592  0.817421  0.398260  0.618357  1.180475  0.00000000E+00
  132 32.885941 10.405687 15.675029  6.739501  0.809406  0.402692  0.618357  1.180475  0.00000000E+00
  133 32.892276 10.409349 15.664911  6.737409  0.801391  0.407061  0.618357  1.180475  0.00000000E+00
  134 32.898494 10.412971 15.654791  6.735315  0.793376  0.411366  0.618357  1.180475  0.00000000E+00
  135 32.904600 10.416555 15.644670  6.733221  0.785360  0.415609  0.618356  1.180475  0.00000000E+00
  136 32.910594 10.420102 15.634548  6.731125  0.777345  0.419788  0.618356  1.180475  0.00000000E+00
  137 32.916482 10.423613 15.624426  6.729028  0.769329  0.423904  0.618356  1.180475  0.00000000E+00
  138 32.922265 10.427087 15.614302  6.726930  0.761314  0.427957  0.618356  1.180475  0.00000000E+00
  139 32.927946 10.430528 15.604178  6.724831  0.753299  0.431946  0.618356  1.180475  0.00000000E+00
  140 32.933528 10.433934 15.594052  6.722730  0.745285  0.435873  0.618356  1.180475  0.00000000E+00
  141 32.939013 10.437308 15.583926  6.720627  0.737271  0.439736  0.618356  1.180475  0.00000000E+00
  142 32.944403 10.440650 15.573798  6.718522  0.729257  0.443537  0.618356  1.180475  0.00000000E+00
  143 32.949702 10.443960 15.563670  6.716416  0.721244  0.447275  0.618356  1.180475  0.00000000E+00
  144 32.954912 10.447240 15.553540  6.714308  0.713232  0.450951  0.618356  1.180475  0.00000000E+00
  145 32.960033 10.450489 15.543410  6.712198  0.705221  0.454564  0.618356  1.180475  0.00000000E+00
  146 32.965069 10.453710 15.533279  6.710086  0.697210  0.458115  0.618356  1.180475  0.00000000E+00
  147 32.970022 10.456902 15.523146  6.707971  0.689201  0.461604  0.618356  1.180475  0.00000000E+00
  148 32.974893 10.460066 15.513013  6.705854  0.681193  0.465031  0.618356  1.180475  0.00000000E+00
  149 32.979685 10.463203 15.502879  6.703735  0.673186  0.468396  0.618356  1.180475  0.00000000E+00
  150 32.984399 10.466313 15.492744  6.701613  0.665181  0.471700  0.618356  1.180475  0.00000000E+00
  151 32.989037 10.469397 15.482607  6.699489  0.657177  0.474944  0.618356  1.180475  0.00000000E+00
  152 32.993601 10.472455 15.472470  6.697362  0.649175  0.478126  0.618356  1.180475  0.00000000E+00
  153 32.998092 10.475488 15.462332  6.695232  0.641174  0.481249  0.618356  1.180475  0.00000000E+00
  154 33.002512 10.478497 15.452193  6.693099  0.633175  0.484311  0.618356  1.180475  0.00000000E+00
  155 33.006862 10.481481 15.442053  6.690963  0.625178  0.487313  0.618356  1.180475  0.00000000E+00
  156 33.011145 10.484442 15.431912  6.688824  0.617183  0.490255  0.618356  1.180475  0.00000000E+00
  157 33.015361 10.487380 15.421770  6.686682  0.609190  0.493138  0.618356  1.180475  0.00000000E+00
  158 33.019512 10.490295 15.411627  6.684537  0.601200  0.495962  0.618356  1.180475  0.00000000E+00
  159 33.023599 10.493188 15.401483  6.682388  0.593212  0.498727  0.618356  1.180475  0.00000000E+00
  160 33.027623 10.496059 15.391338  6.680235  0.585226  0.501433  0.618356  1.180475  0.00000000E+00
  161 33.031587 10.498909 15.381192  6.678078  0.577244  0.504081  0.618356  1.180475  0.00000000E+00
  162 33.035490 10.501737 15.371045  6.675918  0.569264  0.506671  0.618356  1.180475  0.00000000E+00
  163 33.039335 10.504545 15.360898  6.673753  0.561287  0.509203  0.618356  1.180475  0.00000000E+00
  164 33.043123 10.507333 15.350749  6.671584  0.553314  0.511677  0.618356  1.180476  0.00000000E+00
  165 33.046854 10.510101 15.340599  6.669410  0.545345  0.514094  0.618356  1.180476  0.00000000E+00
  166 33.050529 10.512848 15.330450  6.667231  0.537380  0.516454  0.618356  1.180476  0.00000000E+00
  167 33.054149 10.515577 15.320301  6.665048  0.529420  0.518756  0.618356  1.180476  0.00000000E+00
  168 33.057717 10.518286 15.310150  6.662860  0.521464  0.521002  0.618356  1.180476  0.00000000E+00
  169 33.061232 10.520976 15.299999  6.660666  0.513512  0.523192  0.618356  1.180476  0.00000000E+00
  170 33.064696 10.523649 15.289847  6.658467  0.505565  0.525326  0.618355  1.180476  0.00000000E+00
  171 33.068110 10.526303 15.279694  6.656262  0.497623  0.527404  0.618356  1.180476  0.00000000E+00
  172 33.071475 10.528939 15.269540  6.654050  0.489686  0.529426  0.618355  1.180476  0.00000000E+00
  173 33.074791 10.531558 15.259385  6.651833  0.481755  0.531393  0.618355  1.180476  0.00000000E+00
  174 33.078060 10.534160 15.249230  6.649608  0.473829  0.533305  0.618355  1.180477  0.00000000E+00
  175 33.081282 10.536745 15.239073  6.647377  0.465909  0.535162  0.618355  1.180477  0.00000000E+00
  176 33.084459 10.539312 15.228916  6.645139  0.457996  0.536965  0.618355  1.180477  0.00000000E+00
  177 33.087591 10.541864 15.218757  6.642893  0.450089  0.538713  0.618355  1.180477  0.00000000E+00
  178 33.090678 10.544399 15.208598  6.640639  0.442189  0.540407  0.618356  1.180477  0.00000000E+00
  179 33.093722 10.546918 15.198438  6.638377  0.434297  0.542047  0.618356  1.180477  0.00000000E+00
  180 33.096723 10.549421 15.188277  6.636106  0.426412  0.543633  0.618356  1.180477  0.00000000E+00
  181 33.099683 10.551908 15.178116  6.633827  0.418536  0.545165  0.618356  1.180478  0.00000000E+00
  182 33.102601 10.554380 15.167953  6.631538  0.410667  0.546644  0.618356  1.180478  0.00000000E+00
  183 33.105479 10.556837 15.157790  6.629239  0.402808  0.548070  0.618356  1.180478  0.00000000E+00
  184 33.108317 10.559278 15.147626  6.626931  0.394958  0.549442  0.618356  1.180478  0.00000000E+00
  185 33.111116 10.561705 15.137461  6.624612  0.387118  0.550762  0.618356  1.180478  0.00000000E+00
  186 33.113876 10.564116 15.127295  6.622282  0.379288  0.552028  0.618356  1.180479  0.00000000E+00
  187 33.116598 10.566513 15.117129  6.619940  0.371470  0.553242  0.618356  1.180479  0.00000000E+00
  188 33.119284 10.568896 15.106962  6.617587  0.363662  0.554402  0.618356  1.180479  0.00000000E+00
  189 33.121932 10.571264 15.096794  6.615220  0.355866  0.555511  0.618356  1.180479  0.00000000E+00
  190 33.124545 10.573618 15.086626  6.612841  0.348083  0.556566  0.618356  1.180479  0.00000000E+00
  191 33.127122 10.575957 15.076457  6.610448  0.340314  0.557569  0.618356  1.180480  0.00000000E+00
  192 33.129663 10.578283 15.066287  6.608041  0.332558  0.558519  0.618356  1.180480  0.00000000E+00
  193 33.132171 10.580595 15.056117  6.605619  0.324816  0.559416  0.618356  1.180480  0.00000000E+00
  194 33.134645 10.582893 15.045946  6.603181  0.317090  0.560261  0.618356  1.180481  0.00000000E+00
  195 33.137085 10.585177 15.035775  6.600727  0.309380  0.561053  0.618356  1.180481  0.00000000E+00
  196 33.139493 10.587448 15.025603  6.598255  0.301687  0.561791  0.618356  1.180481  0.00000000E+00
  197 33.141868 10.589705 15.015431  6.595765  0.294012  0.562476  0.618356  1.180481  0.00000000E+00
  198 33.144211 10.591949 15.005258  6.593256  0.286356  0.563108  0.618356  1.180482  0.00000000E+00
  199 33.146523 10.594180 14.995085  6.590726  0.278720  0.563685  0.618356  1.180482  0.00000000E+00
  200 33.148803 10.596397 14.984912  6.588175  0.271105  0.564209  0.618356  1.180482  0.00000000E+00
  201 33.151054 10.598600 14.974738  6.585603  0.263513  0.564678  0.618356  1.180483  0.00000000E+00
  202 33.153274 10.600791 14.964564  6.583006  0.255944  0.565093  0.618356  1.180483  0.00000000E+00
  203 33.155465 10.602968 14.954390  6.580385  0.248400  0.565452  0.618356  1.180484  0.00000000E+00
  204 33.157626 10.605132 14.944215  6.577738  0.240881  0.565756  0.618356  1.180484  0.00000000E+00
  205 33.159758 10.607283 14.934041  6.575064  0.233391  0.566003  0.618356  1.180484  0.00000000E+00
  206 33.161863 10.609421 14.923866  6.572360  0.225930  0.566193  0.618357  1.180485  0.00000000E+00
  207 33.163939 10.611546 14.913688  6.569625  0.218497  0.566327  0.618357  1.180485  0.00000000E+00
  208 33.165986 10.613656 14.903519  6.566861  0.211104  0.566401  0.618357  1.180485  0.00000000E+00
  209 33.168007 10.615754 14.893344  6.564061  0.203741  0.566417  0.618357  1.180486  0.00000000E+00
  210 33.170001 10.617839 14.883171  6.561224  0.196416  0.566372  0.618357  1.180486  0.00000000E+00
  211 33.171969 10.619910 14.872997  6.558350  0.189130  0.566266  0.618357  1.180487  0.00000000E+00
  212 33.173910 10.621968 14.862824  6.555434  0.181886  0.566097  0.618357  1.180487  0.00000000E+00
  213 33.174968 10.623096 14.857222  6.553811  0.177915  0.565978  0.618357  1.180487  0.00000000E+00
  214 33.176698 10.624949 14.847970  6.551099  0.171388  0.565736  0.618357  1.180488  0.00000000E+00
  215 33.178407 10.626792 14.838718  6.548348  0.164900  0.565440  0.618357  1.180489  0.00000000E+00
  216 33.180095 10.628623 14.829464  6.545555  0.158455  0.565088  0.618357  1.180489  0.00000000E+00
  217 33.181764 10.630443 14.820210  6.542717  0.152054  0.564678  0.618358  1.180490  0.00000000E+00
  218 33.183412 10.632252 14.810956  6.539832  0.145700  0.564208  0.618357  1.180490  0.00000000E+00
  219 33.185040 10.634050 14.801701  6.536897  0.139398  0.563677  0.618357  1.180491  0.00000000E+00
  220 33.186648 10.635836 14.792445  6.533908  0.133150  0.563083  0.618358  1.180492  0.00000000E+00
  221 33.188237 10.637610 14.783189  6.530861  0.126959  0.562423  0.618358  1.180492  0.00000000E+00
  222 33.189806 10.639373 14.773933  6.527752  0.120832  0.561693  0.618358  1.180493  0.00000000E+00
  223 33.191356 10.641123 14.764676  6.524578  0.114771  0.560894  0.618358  1.180493  0.00000000E+00
  224 33.193036 10.643031 14.754515  6.521011  0.108201  0.559939  0.618358  1.180494  0.00000000E+00
  225 33.194693 10.644924 14.744355  6.517352  0.101728  0.558920  0.618358  1.180495  0.00000000E+00
  226 33.196327 10.646801 14.734198  6.513591  0.095359  0.557858  0.618359  1.180496  0.00000000E+00
  227 33.197939 10.648662 14.724042  6.509720  0.089106  0.556775  0.618359  1.180497  0.00000000E+00
  228 33.199528 10.650507 14.713889  6.505741  0.082964  0.555694  0.618359  1.180498  0.44655946E+03
  229 33.201096 10.652335 14.703738  6.501713  0.076874  0.554629  0.618360  1.180500  0.80130273E+03
  230 33.202641 10.654148 14.693588  6.497686  0.070786  0.553586  0.618360  1.180501  0.97647223E+03
  231 33.204166 10.655944 14.683441  6.493660  0.064699  0.552562  0.618360  1.180502  0.11021243E+04
  232 33.205669 10.657724 14.673295  6.489634  0.058614  0.551559  0.618361  1.180504  0.12020808E+04
  233 33.207150 10.659489 14.663151  6.485610  0.052529  0.550575  0.618361  1.180505  0.12858874E+04
  234 33.208612 10.661238 14.653010  6.481586  0.046446  0.549611  0.618361  1.180506  0.13584197E+04
  235 33.210052 10.662971 14.642869  6.477563  0.040364  0.548666  0.618362  1.180508  0.14225489E+04
  236 33.211472 10.664690 14.632731  6.473541  0.034283  0.547740  0.618362  1.180509  0.14801282E+04
  237 33.212873 10.666393 14.622595  6.469519  0.028203  0.546832  0.618363  1.180511  0.15324326E+04
  238 33.214253 10.668081 14.612460  6.465499  0.022125  0.545943  0.618363  1.180513  0.15803829E+04
  239 33.215613 10.669755 14.602327  6.461479  0.016047  0.545072  0.618364  1.180514  0.16246683E+04
  240 33.216955 10.671414 14.592195  6.457460  0.009971  0.544218  0.618364  1.180516  0.16658205E+04
  241 33.218277 10.673058 14.582066  6.453441  0.003895  0.543382  0.618365  1.180518  0.17042598E+04
  242 33.219580 10.674688 14.571938  6.449424 -0.002179  0.542563  0.618365  1.180520  0.17403248E+04
  243 33.220864 10.676304 14.561811  6.445407 -0.008252  0.541761  0.618366  1.180522  0.17742931E+04
  244 33.222130 10.677906 14.551686  6.441391 -0.014324  0.540975  0.618366  1.180524  0.18063956E+04
  245 33.223377 10.679494 14.541563  6.437375 -0.020396  0.540206  0.618367  1.180526  0.18368268E+04
  246 33.224607 10.681068 14.531441  6.433361 -0.026466  0.539453  0.618367  1.180528  0.18657524E+04
  247 33.225818 10.682629 14.521320  6.429347 -0.032535  0.538715  0.618368  1.180530  0.18933148E+04
  248 33.227012 10.684176 14.511201  6.425333 -0.038603  0.537993  0.618369  1.180532  0.19196375E+04
  249 33.228189 10.685710 14.501084  6.421321 -0.044671  0.537286  0.618369  1.180534  0.19448284E+04
  250 33.229348 10.687231 14.490967  6.417309 -0.050737  0.536593  0.618370  1.180537  0.19689825E+04
  251 33.230490 10.688738 14.480853  6.413298 -0.056803  0.535916  0.618370  1.180539  0.19921840E+04
  252 33.231616 10.690233 14.470739  6.409287 -0.062867  0.535253  0.618371  1.180542  0.20145077E+04
  253 33.232725 10.691715 14.460627  6.405277 -0.068931  0.534604  0.618372  1.180544  0.20360207E+04
  254 33.233817 10.693184 14.450517  6.401268 -0.074994  0.533968  0.618373  1.180547  0.20567832E+04
  255 33.234893 10.694641 14.440407  6.397260 -0.081055  0.533347  0.618373  1.180550  0.20768348E+04
  256 33.235954 10.696085 14.430299  6.393252 -0.087117  0.532739  0.618374  1.180552  0.20962370E+04
  257 33.236998 10.697517 14.420192  6.389245 -0.093177  0.532144  0.618375  1.180555  0.21150418E+04
  258 33.238027 10.698936 14.410087  6.385238 -0.099236  0.531562  0.618376  1.180558  0.21332898E+04
  259 33.239041 10.700344 14.399983  6.381232 -0.105295  0.530992  0.618377  1.180561  0.21510182E+04
  260 33.240039 10.701740 14.389880  6.377227 -0.111352  0.530435  0.618377  1.180565  0.21682608E+04
  261 33.241022 10.703124 14.379778  6.373222 -0.117409  0.529890  0.618378  1.180568  0.21850493E+04
  262 33.241991 10.704496 14.369677  6.369218 -0.123465  0.529357  0.618379  1.180571  0.22014123E+04
  263 33.242945 10.705856 14.359577  6.365215 -0.129521  0.528836  0.618380  1.180575  0.22173768E+04
  264 33.243884 10.707206 14.349479  6.361212 -0.135575  0.528326  0.618381  1.180578  0.22329675E+04
  265 33.244809 10.708543 14.339382  6.357210 -0.141629  0.527827  0.618382  1.180582  0.22482075E+04
  266 33.245720 10.709870 14.329286  6.353208 -0.147682  0.527340  0.618383  1.180586  0.22631181E+04
  267 33.246618 10.711185 14.319191  6.349207 -0.153735  0.526863  0.618384  1.180590  0.22777194E+04
  268 33.247501 10.712489 14.309097  6.345207 -0.159786  0.526397  0.618385  1.180594  0.22920301E+04
  269 33.248371 10.713782 14.299004  6.341207 -0.165837  0.525941  0.618386  1.180598  0.23060675E+04
  270 33.249228 10.715065 14.288912  6.337208 -0.171888  0.525496  0.618388  1.180602  0.23198482E+04
  271 33.250071 10.716336 14.278821  6.333210 -0.177937  0.525061  0.618389  1.180606  0.23333875E+04
  272 33.250902 10.717597 14.268731  6.329212 -0.183986  0.524635  0.618390  1.180611  0.23466998E+04
  273 33.251720 10.718847 14.258643  6.325214 -0.190034  0.524219  0.618391  1.180615  0.23597986E+04
  274 33.252525 10.720087 14.248555  6.321218 -0.196082  0.523813  0.618393  1.180620  0.23726969E+04
  275 33.253317 10.721317 14.238468  6.317222 -0.202128  0.523416  0.618394  1.180625  0.23854066E+04
  276 33.254097 10.722536 14.228382  6.313226 -0.208175  0.523027  0.618395  1.180630  0.23979391E+04
  277 33.254866 10.723745 14.218297  6.309231 -0.214220  0.522648  0.618397  1.180635  0.24103053E+04
  278 33.255622 10.724944 14.208213  6.305237 -0.220265  0.522277  0.618398  1.180640  0.24225153E+04
  279 33.256366 10.726133 14.198130  6.301243 -0.226309  0.521915  0.618400  1.180646  0.24345788E+04
  280 33.257098 10.727312 14.188048  6.297249 -0.232353  0.521562  0.618401  1.180651  0.24464229E+04
  281 33.257820 10.728482 14.177967  6.293257 -0.238396  0.521216  0.618403  1.180657  0.24581097E+04
  282 33.258529 10.729641 14.167887  6.289265 -0.244438  0.520878  0.618404  1.180663  0.24696861E+04
  283 33.259228 10.730791 14.157807  6.285273 -0.250480  0.520549  0.618406  1.180669  0.24811605E+04
  284 33.259915 10.731931 14.147729  6.281282 -0.256521  0.520227  0.618408  1.180675  0.24925402E+04
  285 33.260592 10.733062 14.137651  6.277292 -0.262562  0.519912  0.618409  1.180681  0.25038326E+04
  286 33.261258 10.734184 14.127574  6.273302 -0.268602  0.519605  0.618411  1.180688  0.25150443E+04
  287 33.261913 10.735296 14.117498  6.269312 -0.274641  0.519305  0.618413  1.180694  0.25261817E+04
  288 33.262558 10.736399 14.107423  6.265324 -0.280680  0.519012  0.618415  1.180701  0.25372509E+04
  289 33.263192 10.737493 14.097349  6.261335 -0.286719  0.518726  0.618417  1.180708  0.25482574E+04
  290 33.263817 10.738578 14.087275  6.257348 -0.292756  0.518446  0.618419  1.180716  0.25592067E+04
  291 33.264431 10.739654 14.077202  6.253361 -0.298794  0.518174  0.618421  1.180723  0.25701037E+04
  292 33.265035 10.740721 14.067130  6.249374 -0.304830  0.517907  0.618423  1.180731  0.25809534E+04
  293 33.265630 10.741779 14.057059  6.245388 -0.310866  0.517647  0.618425  1.180739  0.25917601E+04
  294 33.266215 10.742828 14.046989  6.241403 -0.316902  0.517394  0.618427  1.180747  0.26025283E+04
  295 33.266791 10.743869 14.036919  6.237418 -0.322937  0.517146  0.618430  1.180755  0.26132619E+04
  296 33.267357 10.744901 14.026850  6.233434 -0.328972  0.516904  0.618432  1.180763  0.26239649E+04
  297 33.267914 10.745924 14.016782  6.229450 -0.335006  0.516668  0.618434  1.180772  0.26346410E+04
  298 33.268462 10.746940 14.006714  6.225467 -0.341040  0.516438  0.618437  1.180781  0.26452936E+04
  299 33.269001 10.747946 13.996647  6.221484 -0.347073  0.516213  0.618439  1.180790  0.26559260E+04
  300 33.269532 10.748945 13.986581  6.217502 -0.353105  0.515994  0.618442  1.180800  0.26665415E+04
  301 33.270053 10.749935 13.976516  6.213521 -0.359137  0.515780  0.618445  1.180809  0.26771425E+04
  302 33.270566 10.750917 13.966451  6.209540 -0.365169  0.515571  0.618447  1.180819  0.26877243E+04
  303 33.271071 10.751891 13.956387  6.205559 -0.371200  0.515367  0.618450  1.180829  0.26982989E+04
  304 33.271567 10.752857 13.946324  6.201579 -0.377231  0.515168  0.618453  1.180840  0.27088687E+04
  305 33.272055 10.753815 13.936261  6.197600 -0.383261  0.514974  0.618456  1.180850  0.27194197E+04
  306 33.272536 10.754765 13.926199  6.193621 -0.389291  0.514785  0.618459  1.180861  0.27299604E+04
  307 33.273008 10.755707 13.916138  6.189643 -0.395320  0.514601  0.618462  1.180872  0.27405041E+04
  308 33.273472 10.756642 13.906077  6.185666 -0.401349  0.514421  0.618465  1.180884  0.27510531E+04
  309 33.273928 10.757569 13.896017  6.181688 -0.407378  0.514245  0.618468  1.180896  0.27616096E+04
  310 33.274377 10.758488 13.885957  6.177712 -0.413406  0.514074  0.618472  1.180908  0.27721759E+04
  311 33.274819 10.759400 13.875898  6.173736 -0.419433  0.513906  0.618475  1.180920  0.27827541E+04
  312 33.275253 10.760304 13.865840  6.169761 -0.425460  0.513744  0.618478  1.180933  0.27933460E+04
  313 33.275680 10.761201 13.855782  6.165786 -0.431487  0.513585  0.618482  1.180946  0.28039537E+04
  314 33.276099 10.762090 13.845725  6.161811 -0.437513  0.513430  0.618486  1.180959  0.28145790E+04
  315 33.276512 10.762972 13.835669  6.157838 -0.443539  0.513278  0.618489  1.180973  0.28252236E+04
  316 33.276917 10.763847 13.825613  6.153865 -0.449565  0.513131  0.618493  1.180987  0.28358892E+04
  317 33.277316 10.764714 13.815557  6.149892 -0.455590  0.512987  0.618497  1.181001  0.28465774E+04
  318 33.277708 10.765575 13.805503  6.145920 -0.461614  0.512847  0.618501  1.181016  0.28572899E+04
  319 33.278093 10.766428 13.795448  6.141948 -0.467639  0.512711  0.618505  1.181031  0.28680280E+04
  320 33.278472 10.767275 13.785395  6.137978 -0.473663  0.512578  0.618509  1.181046  0.28787934E+04
  321 33.278844 10.768114 13.775342  6.134007 -0.479686  0.512448  0.618514  1.181062  0.28895873E+04
  322 33.279210 10.768946 13.765289  6.130037 -0.485709  0.512321  0.618518  1.181078  0.29004111E+04
  323 33.279570 10.769772 13.755237  6.126068 -0.491732  0.512198  0.618523  1.181094  0.29112661E+04
  324 33.279924 10.770591 13.745185  6.122100 -0.497754  0.512078  0.618527  1.181111  0.29221536E+04
  325 33.280271 10.771403 13.735134  6.118132 -0.503776  0.511960  0.618532  1.181129  0.29330746E+04
  326 33.280613 10.772209 13.725084  6.114164 -0.509798  0.511846  0.618537  1.181146  0.29440305E+04
  327 33.280948 10.773007 13.715034  6.110197 -0.515819  0.511735  0.618542  1.181164  0.29550224E+04
  328 33.281278 10.773800 13.704984  6.106231 -0.521840  0.511626  0.618547  1.181183  0.29660512E+04
  329 33.281602 10.774585 13.694935  6.102265 -0.527860  0.511521  0.618552  1.181202  0.29771180E+04
  330 33.281921 10.775365 13.684887  6.098300 -0.533880  0.511418  0.618558  1.181221  0.29882178E+04
  331 33.282234 10.776137 13.674839  6.094336 -0.539900  0.511317  0.618563  1.181241  0.29993498E+04
  332 33.282541 10.776904 13.664791  6.090372 -0.545919  0.511219  0.618569  1.181262  0.30105235E+04
  333 33.282844 10.777664 13.654744  6.086408 -0.551939  0.511124  0.618574  1.181282  0.30217399E+04
  334 33.283141 10.778418 13.644698  6.082446 -0.557957  0.511031  0.618580  1.181304  0.30329999E+04
  335 33.283432 10.779166 13.634652  6.078483 -0.563976  0.510941  0.618586  1.181326  0.30443045E+04
  336 33.283719 10.779907 13.624606  6.074522 -0.569994  0.510853  0.618592  1.181348  0.30556546E+04
  337 33.284001 10.780643 13.614561  6.070561 -0.576011  0.510767  0.618599  1.181371  0.30670510E+04
  338 33.284278 10.781372 13.604516  6.066601 -0.582029  0.510683  0.618605  1.181394  0.30784947E+04
  339 33.284549 10.782095 13.594472  6.062641 -0.588046  0.510602  0.618611  1.181418  0.30899864E+04
  340 33.284816 10.782813 13.584428  6.058682 -0.594063  0.510522  0.618618  1.181442  0.31015269E+04
  341 33.285079 10.783524 13.574384  6.054723 -0.600079  0.510445  0.618625  1.181467  0.31131169E+04
  342 33.285336 10.784230 13.564341  6.050765 -0.606095  0.510370  0.618632  1.181493  0.31247571E+04
  343 33.285590 10.784930 13.554299  6.046808 -0.612111  0.510296  0.618639  1.181519  0.31364484E+04
  344 33.285838 10.785624 13.544257  6.042852 -0.618127  0.510225  0.618646  1.181545  0.31481912E+04
  345 33.286082 10.786312 13.534215  6.038896 -0.624142  0.510155  0.618654  1.181573  0.31599864E+04
  346 33.286322 10.786995 13.524174  6.034940 -0.630157  0.510088  0.618662  1.181601  0.31718345E+04
  347 33.286558 10.787672 13.514133  6.030985 -0.636171  0.510022  0.618669  1.181629  0.31837362E+04
  348 33.286789 10.788343 13.504092  6.027031 -0.642186  0.509957  0.618677  1.181658  0.31956920E+04
  349 33.287017 10.789009 13.494052  6.023078 -0.648200  0.509895  0.618686  1.181688  0.32077025E+04
  350 33.287240 10.789669 13.484012  6.019125 -0.654213  0.509834  0.618694  1.181718  0.32197683E+04
  351 33.287459 10.790324 13.473973  6.015173 -0.660227  0.509775  0.618702  1.181749  0.32318899E+04
  352 33.287674 10.790974 13.463934  6.011221 -0.666240  0.509717  0.618711  1.181781  0.32440679E+04
  353 33.287885 10.791618 13.453895  6.007271 -0.672253  0.509661  0.618720  1.181814  0.32563027E+04
  354 33.288093 10.792256 13.443857  6.003321 -0.678265  0.509606  0.618729  1.181847  0.32685950E+04
  355 33.288297 10.792890 13.433820  5.999375 -0.683951  0.509553  0.619701  1.185396  0.32778028E+04
  356 33.288497 10.793517 13.423782  5.995435 -0.689967  0.509501  0.619716  1.185451  0.32902252E+04
  357 33.288693 10.794140 13.413745  5.991496 -0.695983  0.509451  0.619731  1.185505  0.33027043E+04
  358 33.288886 10.794757 13.403709  5.987557 -0.701998  0.509402  0.619746  1.185561  0.33152405E+04
  359 33.289076 10.795369 13.393672  5.983618 -0.708013  0.509354  0.619762  1.185617  0.33278344E+04
  360 33.289262 10.795977 13.383636  5.979681 -0.714028  0.509307  0.619777  1.185674  0.33404865E+04
  361 33.289444 10.796579 13.373601  5.975744 -0.720043  0.509262  0.619793  1.185731  0.33531975E+04
  362 33.289623 10.797176 13.363566  5.971807 -0.726057  0.509218  0.619809  1.185790  0.33659679E+04
  363 33.289799 10.797768 13.353531  5.967872 -0.732071  0.509175  0.619825  1.185849  0.33787982E+04
  364 33.289972 10.798355 13.343496  5.963937 -0.738084  0.509133  0.619842  1.185909  0.33916891E+04
  365 33.290141 10.798938 13.333462  5.960002 -0.744098  0.509093  0.619858  1.185970  0.34046412E+04
  366 33.290308 10.799515 13.323428  5.956069 -0.750111  0.509053  0.619875  1.186032  0.34176549E+04
  367 33.290471 10.800088 13.313395  5.952136 -0.756123  0.509015  0.619892  1.186094  0.34307302E+04
  368 33.290631 10.800656 13.303362  5.948204 -0.762135  0.508977  0.619910  1.186158  0.34438697E+04
  369 33.290789 10.801219 13.293330  5.944273 -0.768147  0.508941  0.619927  1.186222  0.34570742E+04
  370 33.290943 10.801778 13.283298  5.940343 -0.774159  0.508905  0.619945  1.186288  0.34703422E+04
  371 33.291095 10.802332 13.273266  5.936413 -0.780171  0.508871  0.619963  1.186354  0.34836742E+04
  372 33.291244 10.802881 13.263235  5.932484 -0.786182  0.508837  0.619982  1.186422  0.34970704E+04
  373 33.291390 10.803426 13.253204  5.928556 -0.792193  0.508805  0.620001  1.186490  0.35105313E+04
  374 33.291533 10.803966 13.243173  5.924628 -0.798204  0.508773  0.620020  1.186559  0.35240572E+04
  375 33.291674 10.804502 13.233142  5.920701 -0.804214  0.508742  0.620039  1.186630  0.35376486E+04
  376 33.291811 10.805033 13.223112  5.916775 -0.810224  0.508712  0.620058  1.186701  0.35513056E+04
  377 33.291947 10.805560 13.213082  5.912850 -0.816234  0.508683  0.620078  1.186773  0.35650286E+04
  378 33.292080 10.806082 13.203053  5.908926 -0.822244  0.508654  0.620098  1.186847  0.35788178E+04
  379 33.292210 10.806600 13.193023  5.905002 -0.828254  0.508626  0.620119  1.186921  0.35926737E+04
  380 33.292338 10.807114 13.182994  5.901079 -0.834263  0.508600  0.620139  1.186997  0.36065963E+04
  381 33.292464 10.807623 13.172965  5.897157 -0.840272  0.508573  0.620160  1.187074  0.36205866E+04
  382 33.292587 10.808128 13.162937  5.893235 -0.846281  0.508548  0.620182  1.187152  0.36346443E+04
  383 33.292708 10.808629 13.152909  5.889315 -0.852290  0.508523  0.620203  1.187231  0.36487694E+04
  384 33.292826 10.809126 13.142881  5.885395 -0.858298  0.508499  0.620225  1.187311  0.36629620E+04
  385 33.292942 10.809619 13.132853  5.881476 -0.864307  0.508476  0.620247  1.187392  0.36772222E+04
  386 33.293056 10.810107 13.122826  5.877558 -0.870315  0.508453  0.620270  1.187475  0.36915503E+04
  387 33.293168 10.810591 13.112798  5.873640 -0.876322  0.508431  0.620293  1.187559  0.37059463E+04
  388 33.293278 10.811072 13.102772  5.869724 -0.882330  0.508409  0.620316  1.187644  0.37204105E+04
  389 33.293386 10.811548 13.092745  5.865808 -0.888337  0.508388  0.620340  1.187730  0.37349430E+04
  390 33.293492 10.812020 13.082719  5.861893 -0.894345  0.508368  0.620364  1.187818  0.37495440E+04
  391 33.293595 10.812488 13.072692  5.857979 -0.900352  0.508348  0.620388  1.187907  0.37642137E+04
  392 33.293697 10.812953 13.062666  5.854066 -0.906358  0.508329  0.620413  1.187998  0.37789524E+04
  393 33.293797 10.813413 13.052641  5.850154 -0.912365  0.508310  0.620438  1.188090  0.37937601E+04
  394 33.293894 10.813870 13.042615  5.846242 -0.918372  0.508292  0.620463  1.188183  0.38086368E+04
  395 33.293990 10.814322 13.032590  5.842332 -0.924378  0.508274  0.620489  1.188278  0.38235832E+04
  396 33.294084 10.814771 13.022565  5.838422 -0.930384  0.508257  0.620516  1.188374  0.38385994E+04
  397 33.294177 10.815216 13.012541  5.834513 -0.936390  0.508240  0.620542  1.188472  0.38536857E+04
  398 33.294267 10.815658 13.002516  5.830606 -0.942396  0.508224  0.620570  1.188572  0.38688424E+04
  399 33.294356 10.816095 12.992492  5.826699 -0.948401  0.508208  0.620597  1.188673  0.38840697E+04
  400 33.294443 10.816529 12.982468  5.822793 -0.954407  0.508193  0.620625  1.188776  0.38993680E+04
  401 33.294528 10.816959 12.972444  5.818888 -0.960412  0.508178  0.620654  1.188881  0.39147376E+04
  402 33.294612 10.817386 12.962421  5.814984 -0.966417  0.508164  0.620683  1.188987  0.39301789E+04
  403 33.294694 10.817809 12.952398  5.811081 -0.972422  0.508149  0.620713  1.189095  0.39456921E+04
  404 33.294775 10.818229 12.942375  5.807179 -0.978427  0.508136  0.620743  1.189205  0.39612778E+04
  405 33.294854 10.818644 12.932352  5.803278 -0.984432  0.508122  0.620773  1.189317  0.39769363E+04
  406 33.294931 10.819057 12.922329  5.799378 -0.990437  0.508109  0.620804  1.189431  0.39926679E+04
  407 33.295007 10.819466 12.912307  5.795480 -0.996442  0.508097  0.620836  1.189546  0.40084728E+04
  408 33.295081 10.819871 12.902285  5.791582 -1.002446  0.508085  0.620868  1.189664  0.40243518E+04
  409 33.295154 10.820273 12.892263  5.787685 -1.008451  0.508073  0.620901  1.189784  0.40403055E+04
  410 33.295226 10.820672 12.882241  5.783790 -1.014455  0.508061  0.620934  1.189905  0.40563345E+04
  411 33.295296 10.821067 12.872219  5.779895 -1.020460  0.508050  0.620968  1.190029  0.40724392E+04
  412 33.295365 10.821459 12.862198  5.776002 -1.026464  0.508039  0.621002  1.190155  0.40886202E+04
  413 33.295432 10.821847 12.852177  5.772109 -1.032468  0.508028  0.621037  1.190283  0.41048781E+04
  414 33.295498 10.822232 12.842156  5.768218 -1.038472  0.508018  0.621072  1.190413  0.41212132E+04
  415 33.295563 10.822614 12.832135  5.764328 -1.044476  0.508008  0.621108  1.190546  0.41376262E+04
  416 33.295627 10.822993 12.822114  5.760439 -1.050480  0.507998  0.621145  1.190680  0.41541174E+04
  417 33.295689 10.823369 12.812094  5.756551 -1.056484  0.507989  0.621182  1.190817  0.41706875E+04
  418 33.295750 10.823741 12.802074  5.752664 -1.062488  0.507980  0.621220  1.190956  0.41873367E+04
  419 33.295810 10.824110 12.792054  5.748779 -1.068491  0.507971  0.621259  1.191097  0.42040655E+04
  420 33.295868 10.824476 12.782034  5.744895 -1.074495  0.507962  0.621298  1.191241  0.42208741E+04
  421 33.295926 10.824839 12.772015  5.741011 -1.080499  0.507954  0.621338  1.191387  0.42377631E+04
  422 33.295982 10.825199 12.761995  5.737129 -1.086502  0.507946  0.621378  1.191535  0.42547326E+04
  423 33.296037 10.825555 12.751976  5.733249 -1.092506  0.507938  0.621419  1.191686  0.42717830E+04
  424 33.296091 10.825909 12.741957  5.729369 -1.098509  0.507930  0.621461  1.191840  0.42889143E+04
  425 33.296144 10.826259 12.731938  5.725490 -1.104513  0.507922  0.621504  1.191995  0.43061268E+04
  426 33.296196 10.826607 12.721919  5.721613 -1.110516  0.507915  0.621547  1.192154  0.43234206E+04
  427 33.296247 10.826952 12.711901  5.717737 -1.116519  0.507908  0.621590  1.192314  0.43407958E+04
  428 33.296297 10.827293 12.701883  5.713862 -1.122523  0.507901  0.621635  1.192478  0.43582525E+04
  429 33.296346 10.827632 12.691864  5.709989 -1.128526  0.507894  0.621680  1.192644  0.43757907E+04
  430 33.296394 10.827968 12.681846  5.706117 -1.134529  0.507888  0.621726  1.192812  0.43934105E+04
  431 33.296441 10.828301 12.671829  5.702246 -1.140532  0.507882  0.621773  1.192984  0.44111118E+04
  432 33.296487 10.828631 12.661811  5.698376 -1.146535  0.507875  0.621820  1.193158  0.44288947E+04
  433 33.296532 10.828959 12.651793  5.694507 -1.152539  0.507870  0.621868  1.193335  0.44467590E+04
  434 33.296577 10.829283 12.641776  5.690640 -1.158542  0.507864  0.621917  1.193514  0.44647051E+04
  435 33.296620 10.829605 12.631759  5.686774 -1.164545  0.507858  0.621967  1.193697  0.44827329E+04
  436 33.296662 10.829924 12.621742  5.682910 -1.170548  0.507853  0.622017  1.193883  0.45008425E+04
  437 33.296704 10.830240 12.611725  5.679047 -1.176551  0.507847  0.622069  1.194071  0.45190340E+04
  438 33.296745 10.830553 12.601709  5.675185 -1.182554  0.507842  0.622121  1.194263  0.45373076E+04
  439 33.296785 10.830864 12.591692  5.671325 -1.188557  0.507837  0.622174  1.194458  0.45556632E+04
  440 33.296824 10.831172 12.581676  5.667466 -1.194561  0.507832  0.622228  1.194656  0.45741010E+04
  441 33.296862 10.831478 12.571660  5.663609 -1.200564  0.507828  0.622282  1.194857  0.45926211E+04
  442 33.296900 10.831781 12.561643  5.659753 -1.206567  0.507823  0.622338  1.195061  0.46112237E+04
  443 33.296937 10.832081 12.551628  5.655898 -1.212571  0.507819  0.622394  1.195269  0.46299090E+04
  444 33.296973 10.832379 12.541612  5.652045 -1.218574  0.507814  0.622452  1.195481  0.46486771E+04
  445 33.297008 10.832674 12.531596  5.648194 -1.224578  0.507810  0.622510  1.195696  0.46675284E+04
  446 33.297043 10.832966 12.521581  5.644344 -1.230582  0.507806  0.622570  1.195914  0.46864631E+04
  447 33.297077 10.833256 12.511566  5.640495 -1.236586  0.507802  0.622630  1.196137  0.47054812E+04
  448 33.297110 10.833544 12.501550  5.636648 -1.242590  0.507798  0.622691  1.196362  0.47245829E+04
  449 33.297142 10.833829 12.491535  5.632803 -1.248594  0.507795  0.622754  1.196592  0.47437683E+04
  450 33.297174 10.834112 12.481521  5.628960 -1.254598  0.507791  0.622817  1.196826  0.47630378E+04
  451 33.297205 10.834392 12.471506  5.625118 -1.260603  0.507787  0.622882  1.197063  0.47823915E+04
  452 33.297236 10.834669 12.461491  5.621278 -1.266607  0.507784  0.622947  1.197305  0.48018297E+04
  453 33.297266 10.834945 12.451477  5.617439 -1.272612  0.507781  0.623014  1.197551  0.48213526E+04
  454 33.297295 10.835218 12.441463  5.613603 -1.278617  0.507777  0.623081  1.197801  0.48409605E+04
  455 33.297324 10.835488 12.431448  5.609768 -1.284622  0.507774  0.623150  1.198055  0.48606537E+04
  456 33.297352 10.835757 12.421434  5.605934 -1.290628  0.507771  0.623220  1.198313  0.48804323E+04
  457 33.297380 10.836023 12.411420  5.602103 -1.296634  0.507768  0.623292  1.198576  0.49002967E+04
  458 33.297407 10.836286 12.401407  5.598273 -1.302640  0.507766  0.623364  1.198843  0.49202472E+04
  459 33.297433 10.836548 12.391393  5.594446 -1.308646  0.507763  0.623438  1.199115  0.49402839E+04
  460 33.297459 10.836807 12.381380  5.590620 -1.314653  0.507760  0.623513  1.199391  0.49604074E+04
  461 33.297485 10.837063 12.371366  5.586796 -1.320660  0.507757  0.623589  1.199673  0.49806177E+04
  462 33.297510 10.837318 12.361353  5.582974 -1.326667  0.507755  0.623666  1.199959  0.50009154E+04
  463 33.297534 10.837570 12.351340  5.579154 -1.332675  0.507752  0.623745  1.200250  0.50213007E+04
  464 33.297558 10.837821 12.341327  5.575336 -1.338683  0.507750  0.623825  1.200545  0.50417739E+04
  465 33.297581 10.838069 12.331314  5.571520 -1.344691  0.507748  0.623906  1.200846  0.50623354E+04
  466 33.297604 10.838315 12.321301  5.567706 -1.350700  0.507745  0.623989  1.201152  0.50829857E+04
  467 33.297626 10.838558 12.311289  5.563894 -1.356709  0.507743  0.624073  1.201463  0.51037250E+04
  468 33.297648 10.838800 12.301276  5.560084 -1.362718  0.507741  0.624159  1.201780  0.51245538E+04
  469 33.297670 10.839040 12.291264  5.556276 -1.368728  0.507739  0.624246  1.202102  0.51454726E+04
  470 33.297691 10.839277 12.281251  5.552471 -1.374739  0.507737  0.624334  1.202429  0.51664817E+04
  471 33.297711 10.839512 12.271239  5.548667 -1.380750  0.507735  0.624424  1.202761  0.51875816E+04
  472 33.297732 10.839746 12.261227  5.544866 -1.386761  0.507733  0.624515  1.203100  0.52087727E+04
  473 33.297751 10.839977 12.251215  5.541067 -1.392773  0.507731  0.624608  1.203444  0.52300556E+04
  474 33.297771 10.840206 12.241203  5.537270 -1.398785  0.507730  0.624703  1.203793  0.52514308E+04
  475 33.297790 10.840434 12.231192  5.533475 -1.404798  0.507728  0.624798  1.204149  0.52728988E+04
  476 33.297808 10.840659 12.221180  5.529683 -1.410811  0.507726  0.624896  1.204510  0.52944602E+04
  477 33.297826 10.840882 12.211169  5.525893 -1.416825  0.507725  0.624995  1.204878  0.53161156E+04
  478 33.297844 10.841104 12.201157  5.522105 -1.422840  0.507723  0.625096  1.205251  0.53378654E+04
  479 33.297861 10.841323 12.191146  5.518320 -1.428855  0.507722  0.625198  1.205630  0.53597104E+04
  480 33.297878 10.841541 12.181135  5.514537 -1.434870  0.507720  0.625302  1.206016  0.53816510E+04
  481 33.297895 10.841757 12.171124  5.510756 -1.440887  0.507719  0.625407  1.206408  0.54036879E+04
  482 33.297911 10.841970 12.161113  5.506978 -1.446904  0.507717  0.625515  1.206806  0.54258216E+04
  483 33.297927 10.842182 12.151102  5.503202 -1.452921  0.507716  0.625624  1.207211  0.54480527E+04
  484 33.297943 10.842392 12.141091  5.499428 -1.458939  0.507714  0.625734  1.207622  0.54703819E+04
  485 33.297958 10.842601 12.131081  5.495657 -1.464958  0.507713  0.625846  1.208040  0.54928098E+04
  486 33.297973 10.842807 12.121070  5.491889 -1.470977  0.507712  0.625961  1.208464  0.55153368E+04
  487 33.297988 10.843012 12.111060  5.488123 -1.476997  0.507711  0.626076  1.208895  0.55379635E+04
  488 33.298002 10.843215 12.101049  5.484359 -1.483018  0.507710  0.626194  1.209333  0.55606904E+04
  489 33.298017 10.843416 12.091039  5.480598 -1.489040  0.507708  0.626313  1.209777  0.55835180E+04
  490 33.298030 10.843615 12.081029  5.476840 -1.495062  0.507707  0.626435  1.210228  0.56064469E+04
  491 33.298044 10.843813 12.071019  5.473084 -1.501085  0.507706  0.626558  1.210687  0.56294774E+04
  492 33.298057 10.844009 12.061009  5.469331 -1.507108  0.507705  0.626682  1.211152  0.56526099E+04
  493 33.298070 10.844203 12.050999  5.465580 -1.513133  0.507704  0.626809  1.211624  0.56758449E+04
  494 33.298083 10.844395 12.040989  5.461832 -1.519158  0.507703  0.626938  1.212103  0.56991826E+04
  495 33.298095 10.844586 12.030980  5.458086 -1.525184  0.507702  0.627068  1.212590  0.57226235E+04
  496 33.298107 10.844775 12.020970  5.454343 -1.531210  0.507701  0.627200  1.213084  0.57461676E+04
  497 33.298119 10.844963 12.010960  5.450603 -1.537238  0.507700  0.627334  1.213585  0.57698153E+04
  498 33.298131 10.845148 12.000951  5.446866 -1.543266  0.507700  0.627471  1.214094  0.57935667E+04
  499 33.298142 10.845333 11.990942  5.443131 -1.549295  0.507699  0.627609  1.214610  0.58174220E+04
  500 33.298153 10.845515 11.980933  5.439399 -1.555325  0.507698  0.627749  1.215133  0.58413813E+04
  501 33.298164 10.845696 11.970923  5.435669 -1.561356  0.507697  0.627891  1.215664  0.58654446E+04
  502 33.298175 10.845876 11.960914  5.431943 -1.567388  0.507696  0.628035  1.216203  0.58896120E+04
  503 33.298185 10.846054 11.950905  5.428219 -1.573421  0.507696  0.628181  1.216750  0.59138835E+04
  504 33.298195 10.846230 11.940896  5.424498 -1.579454  0.507695  0.628329  1.217304  0.59382591E+04
  505 33.298205 10.846405 11.930888  5.420780 -1.585489  0.507694  0.628479  1.217867  0.59627387E+04
  506 33.298215 10.846578 11.920879  5.417065 -1.591524  0.507694  0.628631  1.218437  0.59873224E+04
  507 33.298225 10.846750 11.910870  5.413352 -1.597561  0.507693  0.628785  1.219015  0.60120100E+04
  508 33.298234 10.846920 11.900862  5.409643 -1.603598  0.507692  0.628941  1.219602  0.60368015E+04
  509 33.298243 10.847089 11.890853  5.405936 -1.609637  0.507692  0.629100  1.220197  0.60616969E+04
  510 33.298252 10.847256 11.880845  5.402233 -1.615677  0.507691  0.629260  1.220800  0.60866961E+04
  511 33.298261 10.847422 11.870837  5.398532 -1.621717  0.507690  0.629423  1.221411  0.61117992E+04
  512 33.298270 10.847586 11.860828  5.394835 -1.627759  0.507690  0.629588  1.222031  0.61370060E+04
  513 33.298278 10.847749 11.850820  5.391140 -1.633802  0.507689  0.629755  1.222660  0.61623166E+04
  514 33.298286 10.847910 11.840812  5.387449 -1.639846  0.507689  0.629925  1.223297  0.61877311E+04
  515 33.298294 10.848070 11.830804  5.383760 -1.645891  0.507688  0.630096  1.223943  0.62132495E+04
  516 33.298302 10.848229 11.820796  5.380075 -1.651938  0.507688  0.630270  1.224598  0.62388719E+04
  517 33.298310 10.848386 11.810788  5.376393 -1.657986  0.507687  0.630446  1.225262  0.62645985E+04
  518 33.298317 10.848542 11.800780  5.372715 -1.664035  0.507687  0.630624  1.225935  0.62904296E+04
  519 33.298325 10.848697 11.790773  5.369039 -1.670085  0.507686  0.630805  1.226617  0.63163653E+04
  520 33.298332 10.848850 11.780765  5.365367 -1.676137  0.507686  0.630988  1.227308  0.63424060E+04
  521 33.298339 10.849002 11.770758  5.361698 -1.682190  0.507685  0.631174  1.228009  0.63685521E+04
  522 33.298346 10.849152 11.760750  5.358032 -1.688245  0.507685  0.631362  1.228718  0.63948039E+04
  523 33.298353 10.849302 11.750743  5.354370 -1.694301  0.507685  0.631552  1.229438  0.64211620E+04
  524 33.298360 10.849449 11.740735  5.350711 -1.700358  0.507684  0.631744  1.230167  0.64476269E+04
  525 33.298366 10.849596 11.730728  5.347056 -1.706417  0.507684  0.631940  1.230905  0.64741992E+04
  526 33.298372 10.849741 11.720721  5.343404 -1.712478  0.507683  0.632137  1.231654  0.65008796E+04
  527 33.298379 10.849885 11.710714  5.339756 -1.718540  0.507683  0.632337  1.232412  0.65276687E+04
  528 33.298385 10.850028 11.700707  5.336111 -1.724604  0.507683  0.632540  1.233180  0.65545674E+04
  529 33.298391 10.850170 11.690699  5.332470 -1.730670  0.507682  0.632745  1.233958  0.65815765E+04
  530 33.298396 10.850310 11.680693  5.328833 -1.736737  0.507682  0.632952  1.234746  0.66086970E+04
  531 33.298402 10.850449 11.670686  5.325199 -1.742807  0.507682  0.633162  1.235544  0.66359298E+04
  532 33.298408 10.850587 11.660679  5.321568 -1.748877  0.507681  0.633375  1.236352  0.66632758E+04
  533 33.298413 10.850724 11.650672  5.317942 -1.754950  0.507681  0.633590  1.237171  0.66907364E+04
  534 33.298418 10.850859 11.640665  5.314319 -1.761025  0.507681  0.633807  1.237999  0.67183124E+04
  535 33.298424 10.850994 11.630659  5.310700 -1.767101  0.507681  0.634028  1.238838  0.67460053E+04
  536 33.298429 10.851127 11.620652  5.307085 -1.773180  0.507680  0.634250  1.239688  0.67738163E+04
  537 33.298434 10.851259 11.610646  5.303473 -1.779260  0.507680  0.634476  1.240548  0.68017467E+04
  538 33.298439 10.851390 11.600639  5.299866 -1.785343  0.507680  0.634704  1.241418  0.68297980E+04
  539 33.298443 10.851519 11.590633  5.296262 -1.791427  0.507679  0.634934  1.242298  0.68579715E+04
  540 33.298448 10.851648 11.580626  5.292662 -1.797514  0.507679  0.635167  1.243190  0.68862885E+04
  541 33.298453 10.851775 11.570620  5.289066 -1.803602  0.507679  0.635403  1.244091  0.69147974E+04
  542 33.298457 10.851902 11.560614  5.285473 -1.809693  0.507679  0.635641  1.245004  0.69434340E+04
  543 33.298462 10.852027 11.550608  5.281885 -1.815786  0.507679  0.635882  1.245927  0.69721997E+04
  544 33.298466 10.852151 11.540602  5.278300 -1.821881  0.507678  0.636126  1.246860  0.70010965E+04
  545 33.298470 10.852274 11.530596  5.274719 -1.827978  0.507678  0.636372  1.247804  0.70301260E+04
  546 33.298474 10.852396 11.520590  5.271142 -1.834077  0.507678  0.636621  1.248759  0.70592902E+04
  547 33.298478 10.852517 11.510584  5.267569 -1.840179  0.507678  0.636872  1.249725  0.70885911E+04
  548 33.298482 10.852637 11.500578  5.263999 -1.846283  0.507678  0.637126  1.250701  0.71180306E+04
  549 33.298486 10.852756 11.490572  5.260433 -1.852389  0.507677  0.637382  1.251687  0.71476108E+04
  550 33.298490 10.852873 11.480566  5.256872 -1.858497  0.507677  0.637641  1.252684  0.71773339E+04
  551 33.298493 10.852990 11.470560  5.253314 -1.864608  0.507677  0.637902  1.253692  0.72072020E+04
  552 33.298497 10.853106 11.460555  5.249760 -1.870721  0.507677  0.638166  1.254710  0.72372174E+04
  553 33.298500 10.853221 11.450549  5.246209 -1.876837  0.507677  0.638433  1.255739  0.72673826E+04
  554 33.298504 10.853335 11.440543  5.242663 -1.882955  0.507676  0.638702  1.256778  0.72976998E+04
  555 33.298507 10.853447 11.430538  5.239120 -1.889075  0.507676  0.638973  1.257827  0.73281715E+04
  556 33.298511 10.853559 11.420532  5.235582 -1.895198  0.507676  0.639247  1.258886  0.73588003E+04
  557 33.298514 10.853670 11.410527  5.232047 -1.901323  0.507676  0.639523  1.259956  0.73895888E+04
  558 33.298517 10.853780 11.400522  5.228515 -1.907451  0.507676  0.639801  1.261036  0.74205396E+04
  559 33.298520 10.853889 11.390516  5.224988 -1.913581  0.507676  0.640082  1.262126  0.74516554E+04
  560 33.298523 10.853997 11.380511  5.221464 -1.919714  0.507676  0.640365  1.263225  0.74829390E+04
  561 33.298526 10.854104 11.370506  5.217944 -1.925849  0.507675  0.640651  1.264335  0.75143933E+04
  562 33.298529 10.854210 11.360500  5.214428 -1.931986  0.507675  0.640938  1.265454  0.75460211E+04
  563 33.298532 10.854315 11.350495  5.210915 -1.938126  0.507675  0.641228  1.266582  0.75778255E+04
  564 33.298534 10.854420 11.340490  5.207406 -1.944268  0.507675  0.641520  1.267720  0.76098093E+04
  565 33.298537 10.854523 11.330485  5.203901 -1.950413  0.507675  0.641815  1.268868  0.76419758E+04
  566 33.298540 10.854625 11.320480  5.200399 -1.956561  0.507675  0.642111  1.270025  0.76743279E+04
  567 33.298542 10.854727 11.310475  5.196901 -1.962710  0.507675  0.642409  1.271190  0.77068689E+04
  568 33.298545 10.854828 11.300470  5.193406 -1.968863  0.507675  0.642710  1.272365  0.77396019E+04
  569 33.298547 10.854928 11.290465  5.189915 -1.975017  0.507675  0.643012  1.273549  0.77725301E+04
  570 33.298550 10.855027 11.280460  5.186427 -1.981174  0.507674  0.643316  1.274741  0.78056569E+04
  571 33.298552 10.855125 11.270456  5.182942 -1.987333  0.507674  0.643622  1.275941  0.78389856E+04
  572 33.298554 10.855222 11.260451  5.179461 -1.993495  0.507674  0.643930  1.277150  0.78725193E+04
  573 33.298557 10.855319 11.250446  5.175983 -1.999659  0.507674  0.644240  1.278367  0.79062616E+04
  574 33.298559 10.855415 11.240441  5.172508 -2.005825  0.507674  0.644552  1.279592  0.79402158E+04
  575 33.298561 10.855509 11.230437  5.169036 -2.011994  0.507674  0.644865  1.280825  0.79743851E+04
  576 33.298563 10.855603 11.220432  5.165568 -2.018165  0.507674  0.645180  1.282065  0.80087731E+04
  577 33.298565 10.855697 11.210428  5.162102 -2.024338  0.507674  0.645496  1.283313  0.80433830E+04
  578 33.298567 10.855789 11.200423  5.158639 -2.030513  0.507674  0.645814  1.284567  0.80782182E+04
  579 33.298569 10.855881 11.190419  5.155179 -2.036690  0.507674  0.646133  1.285829  0.81132821E+04
  580 33.298571 10.855972 11.180414  5.151722 -2.042869  0.507674  0.646454  1.287098  0.81485779E+04
  581 33.298573 10.856062 11.170410  5.148268 -2.049050  0.507674  0.646776  1.288373  0.81841089E+04
  582 33.298575 10.856151 11.160417  5.144820 -2.055226  0.507673  0.647099  1.289654  0.82198356E+04
  583 33.298576 10.856188 11.156205  5.143367 -2.057830  0.507673  0.647236  1.290195  0.82349696E+04
