# DMESTAR Mass Track Snapshot
#
# Model Number:    500  Age (Myr):    141.145
#  Mass (Msun):  1.000 Fe/H (dex):   0.05
#
#---------
   16  380
    1 28.361093  8.606883 17.181074  7.133682  1.918378  0.000118  0.621259  1.184686  0.53720670E+31
    2 28.411093  8.623550 17.181038  7.133668  1.918356  0.000133  0.621259  1.184686  0.53720670E+31
    3 28.461093  8.640217 17.181000  7.133653  1.918333  0.000149  0.621259  1.184686  0.53720670E+31
    4 28.511093  8.656886 17.180958  7.133636  1.918308  0.000167  0.621259  1.184686  0.53720670E+31
    5 28.561093  8.673555 17.180913  7.133618  1.918281  0.000188  0.621259  1.184686  0.53720670E+31
    6 28.611093  8.690225 17.180864  7.133599  1.918251  0.000210  0.621259  1.184686  0.53720670E+31
    7 28.661093  8.706896 17.180811  7.133578  1.918220  0.000236  0.621259  1.184686  0.53720670E+31
    8 28.711093  8.723568 17.180754  7.133555  1.918186  0.000265  0.621259  1.184686  0.53720670E+31
    9 28.761093  8.740240 17.180693  7.133531  1.918149  0.000297  0.621259  1.184686  0.53720670E+31
   10 28.811093  8.756913 17.180626  7.133505  1.918109  0.000333  0.621259  1.184686  0.53720670E+31
   11 28.861093  8.773587 17.180555  7.133476  1.918066  0.000374  0.621259  1.184686  0.53720670E+31
   12 28.911093  8.790262 17.180477  7.133446  1.918020  0.000419  0.621259  1.184686  0.53720670E+31
   13 28.961093  8.806937 17.180394  7.133413  1.917969  0.000470  0.621259  1.184686  0.53720670E+31
   14 29.011093  8.823614 17.180304  7.133377  1.917915  0.000527  0.621259  1.184686  0.53720670E+31
   15 29.061093  8.840291 17.180206  7.133338  1.917857  0.000591  0.621259  1.184686  0.53720670E+31
   16 29.111093  8.856970 17.180101  7.133297  1.917794  0.000662  0.621259  1.184686  0.53720670E+31
   17 29.161093  8.873649 17.179988  7.133252  1.917725  0.000743  0.621259  1.184686  0.53720670E+31
   18 29.211093  8.890330 17.179865  7.133203  1.917652  0.000832  0.621259  1.184686  0.53720670E+31
   19 29.261093  8.907012 17.179732  7.133151  1.917572  0.000933  0.621259  1.184686  0.53720670E+31
   20 29.311093  8.923696 17.179589  7.133094  1.917486  0.001046  0.621259  1.184686  0.53720670E+31
   21 29.361093  8.940380 17.179435  7.133033  1.917393  0.001172  0.621259  1.184686  0.53720670E+31
   22 29.411093  8.957067 17.179268  7.132966  1.917293  0.001314  0.621259  1.184686  0.53720670E+31
   23 29.461093  8.973755 17.179088  7.132895  1.917185  0.001472  0.621259  1.184686  0.53720670E+31
   24 29.511093  8.990444 17.178893  7.132818  1.917068  0.001649  0.621259  1.184686  0.53720670E+31
   25 29.561093  9.007136 17.178683  7.132735  1.916942  0.001848  0.621259  1.184686  0.53720670E+31
   26 29.611093  9.023830 17.178456  7.132645  1.916806  0.002070  0.621259  1.184686  0.53720670E+31
   27 29.661093  9.040526 17.178210  7.132547  1.916658  0.002318  0.621259  1.184686  0.53720670E+31
   28 29.711093  9.057224 17.177946  7.132442  1.916499  0.002596  0.621259  1.184686  0.53720670E+31
   29 29.761093  9.073925 17.177659  7.132329  1.916327  0.002907  0.621259  1.184686  0.53720670E+31
   30 29.811093  9.090628 17.177350  7.132207  1.916142  0.003254  0.621259  1.184686  0.53720670E+31
   31 29.861093  9.107335 17.177016  7.132074  1.915941  0.003642  0.621259  1.184686  0.53720670E+31
   32 29.911093  9.124045 17.176656  7.131931  1.915725  0.004076  0.621259  1.184686  0.53720670E+31
   33 29.961093  9.140758 17.176266  7.131777  1.915491  0.004560  0.621259  1.184686  0.53720670E+31
   34 30.011093  9.157475 17.175845  7.131610  1.915238  0.005101  0.621259  1.184686  0.53720670E+31
   35 30.061093  9.174196 17.175391  7.131430  1.914965  0.005704  0.621259  1.184686  0.53720670E+31
   36 30.111093  9.190922 17.174899  7.131235  1.914670  0.006377  0.621259  1.184686  0.53720670E+31
   37 30.161093  9.207652 17.174369  7.131025  1.914352  0.007128  0.621259  1.184686  0.53720670E+31
   38 30.211093  9.224387 17.173795  7.130798  1.914007  0.007964  0.621259  1.184686  0.53720670E+31
   39 30.261093  9.241128 17.173176  7.130552  1.913635  0.008896  0.621259  1.184686  0.53720670E+31
   40 30.311093  9.257875 17.172506  7.130287  1.913233  0.009933  0.621259  1.184686  0.53720670E+31
   41 30.361093  9.274629 17.171782  7.130000  1.912799  0.011086  0.621259  1.184686  0.53720670E+31
   42 30.411093  9.291389 17.171000  7.129690  1.912329  0.012369  0.621259  1.184686  0.53720670E+31
   43 30.461093  9.308157 17.170155  7.129355  1.911822  0.013794  0.621259  1.184686  0.53720670E+31
   44 30.511093  9.324933 17.169241  7.128993  1.911273  0.015375  0.621259  1.184686  0.53720670E+31
   45 30.561093  9.341718 17.168254  7.128602  1.910680  0.017130  0.621259  1.184686  0.53720670E+31
   46 30.611093  9.358513 17.167186  7.128179  1.910039  0.019074  0.621259  1.184686  0.53720670E+31
   47 30.661093  9.375318 17.166031  7.127721  1.909346  0.021226  0.621259  1.184686  0.53720670E+31
   48 30.711093  9.392134 17.164783  7.127226  1.908596  0.023605  0.621259  1.184686  0.53720670E+31
   49 30.761093  9.408962 17.163433  7.126691  1.907786  0.026234  0.621259  1.184686  0.53720670E+31
   50 30.811093  9.425803 17.161972  7.126113  1.906909  0.029134  0.621259  1.184686  0.53720670E+31
   51 30.861093  9.442659 17.160393  7.125487  1.905960  0.032330  0.621259  1.184686  0.53720670E+31
   52 30.911093  9.459530 17.158683  7.124809  1.904934  0.035845  0.621259  1.184686  0.53720670E+31
   53 30.961093  9.476418 17.156834  7.124076  1.903824  0.039708  0.621259  1.184686  0.53720670E+31
   54 31.011093  9.493324 17.154833  7.123283  1.902622  0.043944  0.621259  1.184686  0.53720670E+31
   55 31.061093  9.510249 17.152666  7.122425  1.901321  0.048581  0.621259  1.184686  0.53720670E+31
   56 31.111093  9.527196 17.150320  7.121495  1.899913  0.053649  0.621259  1.184686  0.53720670E+31
   57 31.161093  9.544166 17.147780  7.120488  1.898388  0.059176  0.621259  1.184686  0.53720670E+31
   58 31.211093  9.561161 17.145028  7.119398  1.896735  0.065189  0.621259  1.184686  0.53720670E+31
   59 31.261093  9.578183 17.142046  7.118216  1.894945  0.071718  0.621259  1.184686  0.53720670E+31
   60 31.311093  9.595235 17.138814  7.116936  1.893005  0.078788  0.621259  1.184686  0.53720670E+31
   61 31.361093  9.612319 17.135310  7.115547  1.890902  0.086424  0.621259  1.184686  0.53720670E+31
   62 31.411093  9.629438 17.131510  7.114041  1.888620  0.094648  0.621259  1.184686  0.53720670E+31
   63 31.461093  9.646595 17.127388  7.112408  1.886145  0.103477  0.621259  1.184686  0.53720670E+31
   64 31.511093  9.663794 17.122913  7.110634  1.883459  0.112925  0.621259  1.184686  0.53720670E+31
   65 31.561093  9.681037 17.118053  7.108718  1.880532  0.123003  0.621259  1.184685  0.00000000E+00
   66 31.611093  9.698331 17.112774  7.106664  1.877324  0.133716  0.621258  1.184685  0.00000000E+00
   67 31.661093  9.715681 17.107036  7.104475  1.873795  0.145069  0.621258  1.184685  0.00000000E+00
   68 31.711093  9.733094 17.100795  7.102142  1.869908  0.157063  0.621257  1.184683  0.00000000E+00
   69 31.761093  9.750577 17.094003  7.099649  1.865587  0.171293  0.621188  1.184583  0.00000000E+00
   70 31.804709  9.765892 17.087587  7.097315  1.861498  0.185874  0.621141  1.184515  0.00000000E+00
   71 31.845576  9.780300 17.081125  7.094977  1.857364  0.200451  0.621090  1.184441  0.00000000E+00
   72 31.884055  9.793922 17.074609  7.092631  1.853154  0.215027  0.620997  1.184306  0.00000000E+00
   73 31.920391  9.806840 17.068043  7.090279  1.848887  0.229601  0.620884  1.184141  0.00000000E+00
   74 31.954855  9.819146 17.061416  7.087916  1.844583  0.244175  0.620788  1.184003  0.00000000E+00
   75 31.987728  9.830933 17.054708  7.085534  1.840224  0.258748  0.620704  1.183881  0.00000000E+00
   76 32.019215  9.842272 17.047905  7.083130  1.835796  0.273321  0.620622  1.183762  0.00000000E+00
   77 32.049486  9.853222 17.040992  7.080697  1.831287  0.287896  0.620540  1.183643  0.00000000E+00
   78 32.078689  9.863833 17.033956  7.078231  1.826688  0.302471  0.620458  1.183525  0.00000000E+00
   79 32.106953  9.874150 17.026780  7.075727  1.821987  0.317049  0.620374  1.183403  0.00000000E+00
   80 32.134385  9.884210 17.019450  7.073181  1.817173  0.331628  0.620288  1.183277  0.00000000E+00
   81 32.161092  9.894052 17.011948  7.070586  1.812238  0.346209  0.620203  1.183154  0.00000000E+00
   82 32.187187  9.903716 17.004247  7.067934  1.807166  0.360793  0.620124  1.183039  0.00000000E+00
   83 32.212781  9.913243 16.996318  7.065216  1.801935  0.375380  0.620047  1.182928  0.00000000E+00
   84 32.237966  9.922667 16.988130  7.062423  1.796519  0.389969  0.619968  1.182813  0.00000000E+00
   85 32.262817  9.932017 16.979654  7.059547  1.790899  0.404561  0.619887  1.182696  0.00000000E+00
   86 32.287400  9.941319 16.970859  7.056579  1.785056  0.419153  0.619811  1.182585  0.00000000E+00
   87 32.311773  9.950596 16.961712  7.053509  1.778970  0.433747  0.619743  1.182486  0.00000000E+00
   88 32.335988  9.959870 16.952178  7.050329  1.772614  0.448341  0.619680  1.182395  0.00000000E+00
   89 32.360095  9.969163 16.942218  7.047028  1.765955  0.462934  0.619620  1.182307  0.00000000E+00
   90 32.383182  9.978123 16.932214  7.043735  1.759249  0.476944  0.619562  1.182224  0.00000000E+00
   91 32.405230  9.986737 16.922210  7.040463  1.752523  0.490329  0.619508  1.182146  0.00000000E+00
   92 32.426319  9.995032 16.912207  7.037214  1.745778  0.503113  0.619457  1.182071  0.00000000E+00
   93 32.446519 10.003032 16.902203  7.033985  1.739014  0.515320  0.619409  1.182002  0.00000000E+00
   94 32.465894 10.010758 16.892200  7.030778  1.732230  0.526973  0.619364  1.181936  0.00000000E+00
   95 32.484500 10.018228 16.882197  7.027592  1.725427  0.538094  0.619321  1.181874  0.00000000E+00
   96 32.502388 10.025460 16.872193  7.024427  1.718606  0.548705  0.619280  1.181815  0.00000000E+00
   97 32.519604 10.032469 16.862190  7.021283  1.711765  0.558826  0.619242  1.181759  0.00000000E+00
   98 32.536190 10.039269 16.852187  7.018159  1.704906  0.568479  0.619205  1.181706  0.00000000E+00
   99 32.552184 10.045873 16.842184  7.015055  1.698028  0.577683  0.619171  1.181655  0.00000000E+00
  100 32.567622 10.052292 16.832181  7.011970  1.691131  0.586457  0.619138  1.181608  0.00000000E+00
  101 32.582535 10.058537 16.822178  7.008905  1.684217  0.594818  0.619107  1.181563  0.00000000E+00
  102 32.596952 10.064618 16.812175  7.005859  1.677285  0.602786  0.619077  1.181520  0.00000000E+00
  103 32.610900 10.070543 16.802172  7.002832  1.670335  0.610378  0.619050  1.181480  0.00000000E+00
  104 32.624405 10.076321 16.792169  6.999823  1.663368  0.617608  0.619023  1.181442  0.00000000E+00
  105 32.637488 10.081960 16.782166  6.996832  1.656384  0.624494  0.618998  1.181405  0.00000000E+00
  106 32.650172 10.087466 16.772163  6.993859  1.649384  0.631048  0.618975  1.181371  0.00000000E+00
  107 32.662475 10.092846 16.762160  6.990902  1.642367  0.637286  0.618953  1.181339  0.00000000E+00
  108 32.674416 10.098107 16.752157  6.987963  1.635334  0.643217  0.618932  1.181309  0.00000000E+00
  109 32.686013 10.103253 16.742155  6.985040  1.628286  0.648853  0.618912  1.181280  0.00000000E+00
  110 32.697281 10.108291 16.732152  6.982134  1.621222  0.654203  0.618893  1.181253  0.00000000E+00
  111 32.708234 10.113224 16.722149  6.979244  1.614142  0.659272  0.618876  1.181227  0.00000000E+00
  112 32.718887 10.118058 16.712147  6.976369  1.607047  0.664066  0.618859  1.181203  0.00000000E+00
  113 32.729253 10.122798 16.702144  6.973511  1.599937  0.668590  0.618843  1.181180  0.00000000E+00
  114 32.739343 10.127446 16.692141  6.970668  1.592812  0.672847  0.618828  1.181158  0.00000000E+00
  115 32.749170 10.132007 16.682139  6.967840  1.585671  0.676839  0.618813  1.181137  0.00000000E+00
  116 32.758744 10.136484 16.672136  6.965029  1.578515  0.680571  0.618799  1.181116  0.00000000E+00
  117 32.768075 10.140881 16.662134  6.962232  1.571344  0.684047  0.618785  1.181096  0.00000000E+00
  118 32.777173 10.145201 16.652132  6.959451  1.564157  0.687273  0.618772  1.181076  0.00000000E+00
  119 32.786046 10.149447 16.642129  6.956686  1.556955  0.690258  0.618758  1.181057  0.00000000E+00
  120 32.794704 10.153622 16.632127  6.953936  1.549737  0.693010  0.618745  1.181037  0.00000000E+00
  121 32.803153 10.157728 16.622124  6.951202  1.542503  0.695542  0.618732  1.181018  0.00000000E+00
  122 32.811403 10.161768 16.612122  6.948483  1.535254  0.697868  0.618719  1.181000  0.00000000E+00
  123 32.819460 10.165745 16.602120  6.945780  1.527989  0.700002  0.618706  1.180981  0.00000000E+00
  124 32.827331 10.169660 16.592118  6.943093  1.520709  0.701958  0.618693  1.180963  0.00000000E+00
  125 32.835022 10.173516 16.582115  6.940420  1.513413  0.703753  0.618681  1.180944  0.00000000E+00
  126 32.842540 10.177315 16.572113  6.937764  1.506102  0.705400  0.618668  1.180927  0.00000000E+00
  127 32.849890 10.181059 16.562111  6.935122  1.498776  0.706913  0.618656  1.180909  0.00000000E+00
  128 32.857078 10.184750 16.552109  6.932496  1.491434  0.708307  0.618645  1.180892  0.00000000E+00
  129 32.864110 10.188389 16.542107  6.929884  1.484077  0.709592  0.618633  1.180875  0.00000000E+00
  130 32.870991 10.191978 16.532105  6.927288  1.476705  0.710780  0.618622  1.180859  0.00000000E+00
  131 32.877724 10.195520 16.522103  6.924706  1.469319  0.711880  0.618611  1.180843  0.00000000E+00
  132 32.884316 10.199014 16.512101  6.922138  1.461918  0.712902  0.618600  1.180827  0.00000000E+00
  133 32.890770 10.202464 16.502099  6.919585  1.454503  0.713853  0.618590  1.180812  0.00000000E+00
  134 32.897091 10.205870 16.492097  6.917046  1.447074  0.714739  0.618580  1.180798  0.00000000E+00
  135 32.903283 10.209233 16.482095  6.914521  1.439631  0.715568  0.618570  1.180784  0.00000000E+00
  136 32.909349 10.212556 16.472093  6.912009  1.432174  0.716343  0.618561  1.180770  0.00000000E+00
  137 32.915293 10.215838 16.462091  6.909511  1.424703  0.717070  0.618552  1.180757  0.00000000E+00
  138 32.921119 10.219082 16.452090  6.907026  1.417220  0.717753  0.618543  1.180745  0.00000000E+00
  139 32.926831 10.222288 16.442088  6.904553  1.409723  0.718395  0.618535  1.180733  0.00000000E+00
  140 32.932431 10.225458 16.432086  6.902094  1.402214  0.718999  0.618527  1.180721  0.00000000E+00
  141 32.937922 10.228592 16.422084  6.899647  1.394692  0.719569  0.618519  1.180710  0.00000000E+00
  142 32.943309 10.231692 16.412082  6.897212  1.387158  0.720106  0.618512  1.180699  0.00000000E+00
  143 32.948593 10.234759 16.402080  6.894788  1.379612  0.720613  0.618505  1.180689  0.00000000E+00
  144 32.953777 10.237793 16.392079  6.892376  1.372055  0.721091  0.618498  1.180679  0.00000000E+00
  145 32.958864 10.240795 16.382077  6.889974  1.364486  0.721544  0.618491  1.180669  0.00000000E+00
  146 32.963857 10.243767 16.372075  6.887584  1.356907  0.721972  0.618485  1.180660  0.00000000E+00
  147 32.968758 10.246708 16.362073  6.885204  1.349317  0.722376  0.618478  1.180651  0.00000000E+00
  148 32.973569 10.249620 16.352072  6.882834  1.341716  0.722759  0.618472  1.180642  0.00000000E+00
  149 32.978293 10.252504 16.342070  6.880475  1.334105  0.723122  0.618467  1.180634  0.00000000E+00
  150 32.982932 10.255360 16.332068  6.878125  1.326484  0.723465  0.618461  1.180626  0.00000000E+00
  151 32.987489 10.258189 16.322067  6.875785  1.318853  0.723790  0.618456  1.180618  0.00000000E+00
  152 32.991964 10.260992 16.312065  6.873455  1.311212  0.724098  0.618451  1.180611  0.00000000E+00
  153 32.996361 10.263769 16.302063  6.871135  1.303561  0.724389  0.618446  1.180604  0.00000000E+00
  154 33.000681 10.266521 16.292062  6.868823  1.295900  0.724666  0.618441  1.180597  0.00000000E+00
  155 33.004925 10.269248 16.282060  6.866521  1.288231  0.724927  0.618437  1.180590  0.00000000E+00
  156 33.009097 10.271952 16.272059  6.864227  1.280552  0.725175  0.618432  1.180584  0.00000000E+00
  157 33.013197 10.274632 16.262057  6.861943  1.272864  0.725410  0.618428  1.180577  0.00000000E+00
  158 33.017227 10.277289 16.252055  6.859667  1.265167  0.725633  0.618424  1.180571  0.00000000E+00
  159 33.021189 10.279924 16.242054  6.857399  1.257462  0.725844  0.618420  1.180566  0.00000000E+00
  160 33.025085 10.282538 16.232052  6.855139  1.249747  0.726044  0.618416  1.180560  0.00000000E+00
  161 33.028915 10.285130 16.222051  6.852888  1.242025  0.726234  0.618412  1.180555  0.00000000E+00
  162 33.032682 10.287701 16.212049  6.850645  1.234294  0.726414  0.618409  1.180550  0.00000000E+00
  163 33.036387 10.290252 16.202048  6.848409  1.226555  0.726584  0.618405  1.180545  0.00000000E+00
  164 33.040031 10.292784 16.192046  6.846181  1.218808  0.726746  0.618402  1.180540  0.00000000E+00
  165 33.043615 10.295296 16.182044  6.843961  1.211054  0.726899  0.618399  1.180535  0.00000000E+00
  166 33.047141 10.297789 16.172043  6.841748  1.203291  0.727044  0.618396  1.180531  0.00000000E+00
  167 33.050611 10.300263 16.162041  6.839543  1.195521  0.727181  0.618393  1.180526  0.00000000E+00
  168 33.054025 10.302719 16.152040  6.837344  1.187743  0.727311  0.618390  1.180522  0.00000000E+00
  169 33.057384 10.305157 16.142038  6.835153  1.179958  0.727435  0.618387  1.180518  0.00000000E+00
  170 33.060690 10.307578 16.132037  6.832968  1.172166  0.727552  0.618384  1.180514  0.00000000E+00
  171 33.063944 10.309982 16.122035  6.830791  1.164367  0.727662  0.618381  1.180510  0.00000000E+00
  172 33.067146 10.312369 16.112034  6.828619  1.156561  0.727767  0.618379  1.180506  0.00000000E+00
  173 33.070299 10.314740 16.102033  6.826455  1.148747  0.727867  0.618376  1.180503  0.00000000E+00
  174 33.073402 10.317094 16.092031  6.824297  1.140928  0.727961  0.618374  1.180499  0.00000000E+00
  175 33.076458 10.319433 16.082030  6.822145  1.133101  0.728050  0.618372  1.180496  0.00000000E+00
  176 33.079466 10.321757 16.072028  6.819999  1.125268  0.728135  0.618369  1.180493  0.00000000E+00
  177 33.082429 10.324065 16.062027  6.817859  1.117429  0.728215  0.618367  1.180489  0.00000000E+00
  178 33.085346 10.326359 16.052025  6.815725  1.109583  0.728291  0.618365  1.180486  0.00000000E+00
  179 33.088219 10.328638 16.042024  6.813597  1.101731  0.728363  0.618363  1.180483  0.00000000E+00
  180 33.091048 10.330902 16.032022  6.811475  1.093873  0.728431  0.618361  1.180480  0.00000000E+00
  181 33.093835 10.333153 16.022021  6.809359  1.086009  0.728495  0.618359  1.180478  0.00000000E+00
  182 33.096580 10.335390 16.012020  6.807248  1.078139  0.728556  0.618357  1.180475  0.00000000E+00
  183 33.099284 10.337614 16.002018  6.805142  1.070264  0.728614  0.618355  1.180472  0.00000000E+00
  184 33.101948 10.339824 15.992017  6.803042  1.062382  0.728669  0.618353  1.180470  0.00000000E+00
  185 33.104572 10.342022 15.982015  6.800947  1.054496  0.728720  0.618352  1.180467  0.00000000E+00
  186 33.107158 10.344206 15.972014  6.798857  1.046603  0.728769  0.618350  1.180465  0.00000000E+00
  187 33.109706 10.346378 15.962013  6.796772  1.038706  0.728816  0.618348  1.180462  0.00000000E+00
  188 33.112217 10.348538 15.952011  6.794692  1.030803  0.728860  0.618346  1.180460  0.00000000E+00
  189 33.114691 10.350686 15.942010  6.792616  1.022895  0.728901  0.618345  1.180457  0.00000000E+00
  190 33.117129 10.352822 15.932009  6.790545  1.014983  0.728940  0.618343  1.180455  0.00000000E+00
  191 33.119532 10.354946 15.922007  6.788479  1.007065  0.728978  0.618342  1.180453  0.00000000E+00
  192 33.121900 10.357059 15.912006  6.786417  0.999143  0.729013  0.618340  1.180451  0.00000000E+00
  193 33.124235 10.359160 15.902004  6.784359  0.991216  0.729046  0.618339  1.180449  0.00000000E+00
  194 33.126536 10.361251 15.892003  6.782306  0.983284  0.729077  0.618337  1.180447  0.00000000E+00
  195 33.128804 10.363330 15.882002  6.780257  0.975348  0.729107  0.618336  1.180445  0.00000000E+00
  196 33.131040 10.365399 15.872000  6.778211  0.967408  0.729135  0.618335  1.180443  0.00000000E+00
  197 33.133244 10.367457 15.861999  6.776170  0.959463  0.729162  0.618333  1.180441  0.00000000E+00
  198 33.135417 10.369505 15.851998  6.774133  0.951514  0.729187  0.618332  1.180439  0.00000000E+00
  199 33.137560 10.371543 15.841996  6.772100  0.943561  0.729210  0.618331  1.180437  0.00000000E+00
  200 33.139673 10.373571 15.831995  6.770070  0.935603  0.729233  0.618329  1.180435  0.00000000E+00
  201 33.141756 10.375589 15.821994  6.768044  0.927642  0.729254  0.618328  1.180434  0.00000000E+00
  202 33.143810 10.377597 15.811992  6.766022  0.919677  0.729274  0.618327  1.180432  0.00000000E+00
  203 33.145836 10.379596 15.801991  6.764003  0.911708  0.729293  0.618326  1.180430  0.00000000E+00
  204 33.147834 10.381585 15.791990  6.761988  0.903735  0.729310  0.618325  1.180428  0.00000000E+00
  205 33.149804 10.383565 15.781988  6.759976  0.895759  0.729327  0.618323  1.180427  0.00000000E+00
  206 33.151747 10.385536 15.771987  6.757968  0.887779  0.729343  0.618322  1.180425  0.00000000E+00
  207 33.153664 10.387498 15.761986  6.755962  0.879795  0.729358  0.618321  1.180424  0.00000000E+00
  208 33.155554 10.389451 15.751985  6.753960  0.871808  0.729372  0.618320  1.180422  0.00000000E+00
  209 33.157418 10.391395 15.741983  6.751961  0.863817  0.729385  0.618319  1.180421  0.00000000E+00
  210 33.159258 10.393331 15.731982  6.749965  0.855823  0.729398  0.618318  1.180419  0.00000000E+00
  211 33.161072 10.395258 15.721981  6.747972  0.847826  0.729410  0.618317  1.180418  0.00000000E+00
  212 33.162861 10.397177 15.711979  6.745982  0.839826  0.729421  0.618316  1.180416  0.00000000E+00
  213 33.164627 10.399088 15.701978  6.743994  0.831823  0.729431  0.618315  1.180415  0.00000000E+00
  214 33.166369 10.400990 15.691977  6.742010  0.823816  0.729441  0.618314  1.180413  0.00000000E+00
  215 33.168087 10.402885 15.681975  6.740028  0.815807  0.729450  0.618313  1.180412  0.00000000E+00
  216 33.169783 10.404772 15.671974  6.738048  0.807794  0.729459  0.618312  1.180410  0.00000000E+00
  217 33.171455 10.406651 15.661973  6.736072  0.799779  0.729467  0.618311  1.180409  0.00000000E+00
  218 33.173106 10.408522 15.651972  6.734098  0.791761  0.729475  0.618310  1.180408  0.00000000E+00
  219 33.174734 10.410386 15.641970  6.732126  0.783741  0.729482  0.618309  1.180406  0.00000000E+00
  220 33.176341 10.412243 15.631969  6.730156  0.775717  0.729489  0.618308  1.180405  0.00000000E+00
  221 33.177927 10.414092 15.621968  6.728189  0.767691  0.729495  0.618307  1.180404  0.00000000E+00
  222 33.179492 10.415933 15.611966  6.726225  0.759663  0.729501  0.618306  1.180403  0.00000000E+00
  223 33.181036 10.417768 15.601965  6.724262  0.751632  0.729506  0.618305  1.180401  0.00000000E+00
  224 33.182560 10.419596 15.591964  6.722302  0.743599  0.729511  0.618305  1.180400  0.00000000E+00
  225 33.184064 10.421417 15.581963  6.720343  0.735563  0.729516  0.618304  1.180399  0.00000000E+00
  226 33.185548 10.423230 15.571961  6.718387  0.727525  0.729521  0.618303  1.180398  0.00000000E+00
  227 33.187013 10.425037 15.561960  6.716433  0.719485  0.729525  0.618302  1.180397  0.00000000E+00
  228 33.188459 10.426838 15.551959  6.714480  0.711443  0.729529  0.618301  1.180395  0.00000000E+00
  229 33.189886 10.428631 15.541957  6.712530  0.703399  0.729533  0.618300  1.180394  0.00000000E+00
  230 33.191294 10.430419 15.531956  6.710581  0.695352  0.729536  0.618299  1.180393  0.00000000E+00
  231 33.192684 10.432199 15.521955  6.708634  0.687304  0.729539  0.618299  1.180392  0.00000000E+00
  232 33.194056 10.433974 15.511954  6.706689  0.679253  0.729542  0.618298  1.180391  0.00000000E+00
  233 33.195411 10.435742 15.501952  6.704745  0.671201  0.729545  0.618297  1.180390  0.00000000E+00
  234 33.196748 10.437504 15.491951  6.702803  0.663147  0.729547  0.618296  1.180389  0.00000000E+00
  235 33.198068 10.439260 15.481950  6.700862  0.655092  0.729550  0.618295  1.180387  0.00000000E+00
  236 33.199371 10.441009 15.471949  6.698923  0.647034  0.729552  0.618294  1.180386  0.00000000E+00
  237 33.200657 10.442753 15.461947  6.696985  0.638975  0.729554  0.618294  1.180385  0.00000000E+00
  238 33.201926 10.444491 15.451946  6.695050  0.630914  0.729556  0.618293  1.180384  0.00000000E+00
  239 33.203180 10.446223 15.441945  6.693115  0.622851  0.729557  0.618292  1.180383  0.00000000E+00
  240 33.204417 10.447949 15.431944  6.691182  0.614787  0.729559  0.618291  1.180382  0.00000000E+00
  241 33.205639 10.449669 15.421942  6.689250  0.606721  0.729560  0.618291  1.180381  0.00000000E+00
  242 33.206845 10.451384 15.411941  6.687320  0.598653  0.729561  0.618290  1.180380  0.00000000E+00
  243 33.208036 10.453093 15.401940  6.685391  0.590584  0.729563  0.618289  1.180379  0.00000000E+00
  244 33.209212 10.454797 15.391939  6.683463  0.582514  0.729564  0.618288  1.180378  0.00000000E+00
  245 33.210373 10.456495 15.381937  6.681537  0.574442  0.729564  0.618287  1.180377  0.00000000E+00
  246 33.211519 10.458188 15.371936  6.679612  0.566369  0.729565  0.618287  1.180376  0.00000000E+00
  247 33.212651 10.459875 15.361935  6.677687  0.558294  0.729566  0.618286  1.180375  0.00000000E+00
  248 33.213768 10.461557 15.351933  6.675764  0.550219  0.729567  0.618285  1.180374  0.00000000E+00
  249 33.214872 10.463234 15.341932  6.673842  0.542142  0.729567  0.618285  1.180373  0.00000000E+00
  250 33.215961 10.464905 15.331931  6.671921  0.534064  0.729567  0.618284  1.180372  0.00000000E+00
  251 33.217037 10.466572 15.321930  6.670000  0.525984  0.729568  0.618283  1.180371  0.00000000E+00
  252 33.218099 10.468233 15.311928  6.668081  0.517904  0.729568  0.618282  1.180370  0.00000000E+00
  253 33.219148 10.469890 15.301927  6.666162  0.509823  0.729568  0.618282  1.180369  0.00000000E+00
  254 33.220184 10.471541 15.291926  6.664244  0.501741  0.729569  0.618281  1.180369  0.00000000E+00
  255 33.221207 10.473188 15.281925  6.662327  0.493658  0.729569  0.618280  1.180368  0.00000000E+00
  256 33.222217 10.474829 15.271923  6.660410  0.485574  0.729569  0.618280  1.180367  0.00000000E+00
  257 33.223215 10.476466 15.261922  6.658494  0.477490  0.729569  0.618279  1.180366  0.00000000E+00
  258 33.224200 10.478098 15.251921  6.656579  0.469405  0.729569  0.618278  1.180365  0.00000000E+00
  259 33.225173 10.479725 15.241920  6.654664  0.461319  0.729569  0.618278  1.180364  0.00000000E+00
  260 33.226134 10.481348 15.231918  6.652750  0.453232  0.729568  0.618277  1.180363  0.00000000E+00
  261 33.227083 10.482965 15.221917  6.650836  0.445145  0.729568  0.618276  1.180362  0.00000000E+00
  262 33.228020 10.484579 15.211916  6.648922  0.437058  0.729568  0.618275  1.180361  0.00000000E+00
  263 33.228945 10.486187 15.201915  6.647008  0.428970  0.729568  0.618275  1.180361  0.00000000E+00
  264 33.229859 10.487791 15.191913  6.645095  0.420881  0.729567  0.618274  1.180360  0.00000000E+00
  265 33.230762 10.489391 15.181912  6.643182  0.412793  0.729567  0.618273  1.180359  0.00000000E+00
  266 33.231653 10.490986 15.171911  6.641269  0.404704  0.729567  0.618273  1.180358  0.00000000E+00
  267 33.232534 10.492577 15.161909  6.639356  0.396615  0.729566  0.618272  1.180357  0.00000000E+00
  268 33.233403 10.494163 15.151908  6.637443  0.388526  0.729566  0.618272  1.180357  0.00000000E+00
  269 33.234262 10.495745 15.141907  6.635530  0.380436  0.729566  0.618271  1.180356  0.00000000E+00
  270 33.235110 10.497323 15.131906  6.633617  0.372347  0.729565  0.618270  1.180355  0.00000000E+00
  271 33.235948 10.498896 15.121904  6.631704  0.364258  0.729565  0.618270  1.180354  0.00000000E+00
  272 33.236776 10.500466 15.111903  6.629790  0.356169  0.729564  0.618269  1.180353  0.00000000E+00
  273 33.237593 10.502030 15.101902  6.627876  0.348080  0.729564  0.618268  1.180353  0.00000000E+00
  274 33.238400 10.503591 15.091901  6.625962  0.339991  0.729563  0.618268  1.180352  0.00000000E+00
  275 33.239197 10.505148 15.081899  6.624047  0.331903  0.729563  0.618267  1.180351  0.00000000E+00
  276 33.239985 10.506700 15.071898  6.622132  0.323815  0.729562  0.618266  1.180350  0.00000000E+00
  277 33.240763 10.508249 15.061897  6.620216  0.315728  0.729561  0.618266  1.180350  0.00000000E+00
  278 33.241531 10.509793 15.051895  6.618300  0.307641  0.729561  0.618265  1.180349  0.00000000E+00
  279 33.242290 10.511333 15.041894  6.616383  0.299555  0.729560  0.618264  1.180348  0.00000000E+00
  280 33.243040 10.512870 15.031893  6.614465  0.291469  0.729560  0.618264  1.180347  0.00000000E+00
  281 33.243780 10.514402 15.021892  6.612546  0.283384  0.729559  0.618263  1.180347  0.00000000E+00
  282 33.244511 10.515930 15.011890  6.610626  0.275301  0.729558  0.618263  1.180346  0.00000000E+00
  283 33.245234 10.517455 15.001889  6.608706  0.267218  0.729558  0.618262  1.180345  0.00000000E+00
  284 33.245947 10.518975 14.991888  6.606784  0.259136  0.729557  0.618261  1.180345  0.00000000E+00
  285 33.246652 10.520492 14.981886  6.604861  0.251055  0.729557  0.618261  1.180344  0.00000000E+00
  286 33.247348 10.522005 14.971885  6.602936  0.242975  0.729556  0.618260  1.180343  0.00000000E+00
  287 33.248036 10.523514 14.961884  6.601011  0.234896  0.729555  0.618260  1.180343  0.00000000E+00
  288 33.248715 10.525019 14.951883  6.599084  0.226819  0.729555  0.618259  1.180342  0.00000000E+00
  289 33.249386 10.526520 14.941881  6.597155  0.218743  0.729554  0.618258  1.180341  0.00000000E+00
  290 33.250049 10.528018 14.931880  6.595225  0.210669  0.729553  0.618258  1.180341  0.00000000E+00
  291 33.250704 10.529512 14.921879  6.593293  0.202597  0.729553  0.618257  1.180340  0.00000000E+00
  292 33.251351 10.531002 14.911877  6.591359  0.194527  0.729552  0.618257  1.180339  0.00000000E+00
  293 33.251989 10.532488 14.901876  6.589423  0.186458  0.729551  0.618256  1.180339  0.00000000E+00
  294 33.252620 10.533971 14.891875  6.587485  0.178392  0.729551  0.618255  1.180338  0.00000000E+00
  295 33.253244 10.535450 14.881873  6.585544  0.170328  0.729550  0.618255  1.180337  0.00000000E+00
  296 33.253859 10.536925 14.871872  6.583601  0.162266  0.729549  0.618254  1.180337  0.00000000E+00
  297 33.254468 10.538396 14.861871  6.581656  0.154206  0.729549  0.618254  1.180336  0.00000000E+00
  298 33.255068 10.539864 14.851870  6.579709  0.146149  0.729548  0.618253  1.180336  0.00000000E+00
  299 33.255662 10.541329 14.841868  6.577759  0.138094  0.729548  0.618252  1.180335  0.00000000E+00
  300 33.256248 10.542789 14.831867  6.575806  0.130042  0.729547  0.618252  1.180334  0.00000000E+00
  301 33.256827 10.544247 14.821866  6.573850  0.121993  0.729546  0.618251  1.180334  0.00000000E+00
  302 33.257399 10.545700 14.811864  6.571891  0.113947  0.729546  0.618251  1.180333  0.00000000E+00
  303 33.257964 10.547150 14.801863  6.569929  0.105904  0.729545  0.618250  1.180333  0.00000000E+00
  304 33.258522 10.548596 14.791862  6.567964  0.097864  0.729544  0.618250  1.180332  0.00000000E+00
  305 33.259074 10.550039 14.781860  6.565995  0.089828  0.729544  0.618249  1.180332  0.00000000E+00
  306 33.259618 10.551478 14.771859  6.564023  0.081794  0.729543  0.618249  1.180331  0.00000000E+00
  307 33.260156 10.552914 14.761858  6.562048  0.073765  0.729542  0.618248  1.180330  0.00000000E+00
  308 33.260687 10.554346 14.751856  6.560068  0.065739  0.729542  0.618247  1.180330  0.00000000E+00
  309 33.261212 10.555775 14.741855  6.558085  0.057717  0.729541  0.618247  1.180329  0.00000000E+00
  310 33.261731 10.557200 14.731854  6.556098  0.049700  0.729540  0.618246  1.180329  0.00000000E+00
  311 33.262243 10.558621 14.721852  6.554106  0.041686  0.729540  0.618246  1.180328  0.00000000E+00
  312 33.262749 10.560039 14.711851  6.552110  0.033677  0.729539  0.618245  1.180328  0.00000000E+00
  313 33.263248 10.561453 14.701850  6.550110  0.025672  0.729539  0.618245  1.180327  0.00000000E+00
  314 33.263742 10.562864 14.691848  6.548104  0.017672  0.729538  0.618244  1.180327  0.00000000E+00
  315 33.264230 10.564272 14.681847  6.546094  0.009677  0.729537  0.618243  1.180326  0.00000000E+00
  316 33.264711 10.565676 14.671846  6.544079  0.001687  0.729537  0.618243  1.180326  0.00000000E+00
  317 33.265187 10.567076 14.661844  6.542059 -0.006297  0.729536  0.618242  1.180325  0.00000000E+00
  318 33.265657 10.568473 14.651843  6.540033 -0.014277  0.729535  0.618242  1.180325  0.00000000E+00
  319 33.266121 10.569866 14.641841  6.538002 -0.022250  0.729535  0.618241  1.180324  0.00000000E+00
  320 33.266579 10.571256 14.631840  6.535964 -0.030218  0.729534  0.618241  1.180324  0.00000000E+00
  321 33.267032 10.572642 14.621839  6.533921 -0.038179  0.729534  0.618240  1.180323  0.00000000E+00
  322 33.267479 10.574025 14.611837  6.531871 -0.046135  0.729533  0.618240  1.180323  0.00000000E+00
  323 33.267921 10.575404 14.601836  6.529815 -0.054083  0.729532  0.618239  1.180322  0.00000000E+00
  324 33.268357 10.576780 14.591835  6.527752 -0.062025  0.729532  0.618239  1.180322  0.00000000E+00
  325 33.268788 10.578152 14.581833  6.525682 -0.069960  0.729531  0.618238  1.180322  0.00000000E+00
  326 33.269214 10.579520 14.571832  6.523605 -0.077887  0.729531  0.618238  1.180321  0.00000000E+00
  327 33.269634 10.580885 14.561830  6.521520 -0.085807  0.729530  0.618237  1.180321  0.00000000E+00
  328 33.270049 10.582247 14.551829  6.519428 -0.093719  0.729530  0.618237  1.180321  0.00000000E+00
  329 33.270459 10.583604 14.541828  6.517327 -0.101623  0.729529  0.618236  1.180320  0.00000000E+00
  330 33.270864 10.584958 14.531826  6.515218 -0.109518  0.729528  0.618236  1.180320  0.00000000E+00
  331 33.271264 10.586309 14.521825  6.513100 -0.117404  0.729528  0.618236  1.180320  0.00000000E+00
  332 33.271660 10.587656 14.511824  6.510973 -0.125281  0.729527  0.618235  1.180320  0.00000000E+00
  333 33.272050 10.588999 14.501822  6.508837 -0.133149  0.729527  0.618235  1.180319  0.00000000E+00
  334 33.272435 10.590339 14.491821  6.506691 -0.141007  0.729526  0.618234  1.180319  0.00000000E+00
  335 33.272816 10.591675 14.481819  6.504534 -0.148854  0.729526  0.618234  1.180319  0.00000000E+00
  336 33.273192 10.593007 14.471818  6.502367 -0.156691  0.729525  0.618234  1.180319  0.00000000E+00
  337 33.273563 10.594336 14.461817  6.500189 -0.164516  0.729525  0.618233  1.180319  0.00000000E+00
  338 33.273929 10.595660 14.451815  6.498000 -0.172330  0.729524  0.618233  1.180319  0.00000000E+00
  339 33.274291 10.596981 14.441814  6.495798 -0.180132  0.729523  0.618233  1.180319  0.00000000E+00
  340 33.274649 10.598299 14.431812  6.493584 -0.187921  0.729523  0.618233  1.180319  0.00000000E+00
  341 33.275002 10.599612 14.421811  6.491357 -0.195696  0.729522  0.618232  1.180319  0.00000000E+00
  342 33.275351 10.600922 14.411809  6.489117 -0.203458  0.729522  0.618232  1.180319  0.00000000E+00
  343 33.275695 10.602227 14.401808  6.486862 -0.211206  0.729521  0.618232  1.180319  0.00000000E+00
  344 33.276035 10.603529 14.391807  6.484593 -0.218939  0.729521  0.618232  1.180320  0.00000000E+00
  345 33.276371 10.604827 14.381805  6.482308 -0.226656  0.729520  0.618232  1.180320  0.00000000E+00
  346 33.276702 10.606121 14.371804  6.480007 -0.234357  0.729520  0.618232  1.180320  0.00000000E+00
  347 33.277029 10.607411 14.361802  6.477690 -0.242041  0.729519  0.618232  1.180321  0.00000000E+00
  348 33.277353 10.608697 14.351801  6.475354 -0.249707  0.729519  0.618232  1.180321  0.00000000E+00
  349 33.277672 10.609979 14.341799  6.473001 -0.257354  0.729518  0.618232  1.180322  0.00000000E+00
  350 33.277987 10.611256 14.331798  6.470628 -0.264982  0.729518  0.618232  1.180323  0.00000000E+00
  351 33.278298 10.612530 14.321797  6.468236 -0.272589  0.729517  0.618233  1.180324  0.00000000E+00
  352 33.278605 10.613799 14.311795  6.465822 -0.280175  0.729517  0.618233  1.180325  0.00000000E+00
  353 33.278909 10.615064 14.301794  6.463387 -0.287739  0.729516  0.618233  1.180326  0.00000000E+00
  354 33.279208 10.616325 14.291792  6.460928 -0.295279  0.729516  0.618234  1.180327  0.00000000E+00
  355 33.279504 10.617581 14.281791  6.458445 -0.302794  0.729515  0.618235  1.180328  0.00000000E+00
  356 33.279796 10.618833 14.271789  6.455936 -0.310284  0.729515  0.618236  1.180330  0.00000000E+00
  357 33.280084 10.620080 14.261788  6.453400 -0.317745  0.729514  0.618236  1.180332  0.00000000E+00
  358 33.280368 10.621323 14.251787  6.450837 -0.325178  0.729514  0.618238  1.180334  0.00000000E+00
  359 33.280649 10.622561 14.241785  6.448243 -0.332581  0.729513  0.618239  1.180336  0.00000000E+00
  360 33.280926 10.623794 14.231784  6.445618 -0.339951  0.729513  0.618240  1.180339  0.00000000E+00
  361 33.281200 10.625023 14.221782  6.442959 -0.347288  0.729512  0.618242  1.180342  0.00000000E+00
  362 33.281470 10.626247 14.211781  6.440266 -0.354588  0.729512  0.618244  1.180345  0.00000000E+00
  363 33.281736 10.627465 14.201779  6.437535 -0.361851  0.729511  0.618246  1.180349  0.00000000E+00
  364 33.282000 10.628679 14.191778  6.434764 -0.369073  0.729511  0.618248  1.180353  0.00000000E+00
  365 33.282259 10.629887 14.181777  6.431952 -0.376252  0.729510  0.618251  1.180358  0.00000000E+00
  366 33.282516 10.631091 14.171775  6.429094 -0.383385  0.729510  0.618255  1.180363  0.00000000E+00
  367 33.282769 10.632289 14.161774  6.426190 -0.390470  0.729509  0.618258  1.180369  0.00000000E+00
  368 33.283018 10.633481 14.151772  6.423234 -0.397502  0.729509  0.618262  1.180376  0.00000000E+00
  369 33.283265 10.634668 14.141771  6.420224 -0.404479  0.729508  0.618267  1.180383  0.00000000E+00
  370 33.283540 10.636005 14.130440  6.416743 -0.412312  0.729508  0.618273  1.180392  0.00000000E+00
  371 33.283779 10.637179 14.120442  6.413605 -0.419154  0.729507  0.618278  1.180400  0.00000000E+00
  372 33.284016 10.638347 14.110445  6.410399 -0.425928  0.729507  0.618282  1.180406  0.00000000E+00
  373 33.284249 10.639508 14.100448  6.407120 -0.432630  0.729506  0.618282  1.180408  0.00000000E+00
  374 33.284479 10.640663 14.090451  6.403761 -0.439256  0.729506  0.618277  1.180401  0.00000000E+00
  375 33.284706 10.641811 14.080453  6.400318 -0.445802  0.729505  0.618261  1.180379  0.00000000E+00
  376 33.284930 10.642953 14.070456  6.396781 -0.452264  0.729505  0.618231  1.180337  0.00000000E+00
  377 33.285150 10.644088 14.060459  6.393146 -0.458637  0.729504  0.618185  1.180271  0.00000000E+00
  378 33.285368 10.645215 14.050462  6.389402 -0.464911  0.729504  0.618121  1.180182  0.00000000E+00
  379 33.285583 10.646335 14.040464  6.385541 -0.471080  0.729503  0.618038  1.180065  0.00000000E+00
  380 33.285795 10.647447 14.030467  6.381596 -0.477167  0.729503  0.617950  1.179939  0.11041766E+04
  381 33.286004 10.648552 14.020466  6.377625 -0.483169  0.729502  0.617951  1.179942  0.15142728E+04
  382 33.286211 10.649650 14.010465  6.373655 -0.489171  0.729502  0.617952  1.179944  0.17714933E+04
  383 33.286414 10.650739 14.000463  6.369685 -0.495173  0.729501  0.617952  1.179946  0.19668523E+04
  384 33.286615 10.651820 13.990462  6.365715 -0.501174  0.729501  0.617953  1.179949  0.21269562E+04
  385 33.286813 10.652894 13.980461  6.361745 -0.507176  0.729500  0.617954  1.179951  0.22637681E+04
  386 33.287008 10.653960 13.970459  6.357775 -0.513177  0.729500  0.617954  1.179954  0.23838311E+04
  387 33.287200 10.655019 13.960458  6.353804 -0.519179  0.729499  0.617955  1.179956  0.24911654E+04
  388 33.287390 10.656069 13.950457  6.349834 -0.525180  0.729499  0.617956  1.179959  0.25884415E+04
  389 33.287577 10.657113 13.940456  6.345864 -0.531181  0.729499  0.617957  1.179962  0.26775360E+04
  390 33.287761 10.658148 13.930455  6.341894 -0.537182  0.729498  0.617957  1.179965  0.27598248E+04
  391 33.287943 10.659177 13.920453  6.337924 -0.543183  0.729498  0.617958  1.179968  0.28363509E+04
  392 33.288122 10.660197 13.910452  6.333954 -0.549184  0.729497  0.617959  1.179971  0.29079265E+04
  393 33.288298 10.661211 13.900451  6.329985 -0.555185  0.729497  0.617960  1.179974  0.29751982E+04
  394 33.288472 10.662217 13.890450  6.326015 -0.561186  0.729497  0.617961  1.179977  0.30386906E+04
  395 33.288643 10.663215 13.880449  6.322045 -0.567186  0.729496  0.617962  1.179980  0.30988356E+04
  396 33.288812 10.664207 13.870447  6.318075 -0.573187  0.729496  0.617962  1.179983  0.31559944E+04
  397 33.288979 10.665191 13.860446  6.314106 -0.579187  0.729495  0.617963  1.179987  0.32104718E+04
  398 33.289143 10.666168 13.850445  6.310136 -0.585187  0.729495  0.617964  1.179990  0.32625285E+04
  399 33.289304 10.667138 13.840444  6.306167 -0.591188  0.729495  0.617965  1.179993  0.33123888E+04
  400 33.289464 10.668100 13.830443  6.302197 -0.597188  0.729494  0.617966  1.179997  0.33602479E+04
  401 33.289621 10.669056 13.820442  6.298228 -0.603188  0.729494  0.617967  1.180001  0.34058529E+04
  402 33.289775 10.670005 13.810441  6.294258 -0.609188  0.729494  0.617968  1.180004  0.34492779E+04
  403 33.289927 10.670946 13.800440  6.290289 -0.615187  0.729494  0.617969  1.180008  0.34912450E+04
  404 33.290077 10.671881 13.790439  6.286320 -0.621187  0.729493  0.617970  1.180012  0.35318715E+04
  405 33.290225 10.672809 13.780438  6.282351 -0.627187  0.729493  0.617971  1.180016  0.35712624E+04
  406 33.290370 10.673730 13.770437  6.278382 -0.633186  0.729493  0.617973  1.180020  0.36095119E+04
  407 33.290514 10.674644 13.760436  6.274413 -0.639186  0.729492  0.617974  1.180024  0.36467051E+04
  408 33.290655 10.675551 13.750435  6.270444 -0.645185  0.729492  0.617975  1.180029  0.36829188E+04
  409 33.290794 10.676452 13.740434  6.266475 -0.651184  0.729492  0.617976  1.180033  0.37182230E+04
  410 33.290931 10.677346 13.730433  6.262507 -0.657183  0.729492  0.617977  1.180038  0.37526812E+04
  411 33.291065 10.678233 13.720432  6.258538 -0.663182  0.729491  0.617979  1.180042  0.37863515E+04
  412 33.291198 10.679113 13.710431  6.254570 -0.669181  0.729491  0.617980  1.180047  0.38192870E+04
  413 33.291329 10.679987 13.700430  6.250601 -0.675180  0.729491  0.617981  1.180052  0.38515367E+04
  414 33.291457 10.680855 13.690429  6.246633 -0.681179  0.729491  0.617982  1.180056  0.38831454E+04
  415 33.291584 10.681716 13.680428  6.242665 -0.687178  0.729490  0.617984  1.180061  0.39141547E+04
  416 33.291708 10.682570 13.670427  6.238697 -0.693176  0.729490  0.617985  1.180066  0.39446027E+04
  417 33.291831 10.683418 13.660426  6.234729 -0.699175  0.729490  0.617987  1.180072  0.39745249E+04
  418 33.291952 10.684260 13.650425  6.230761 -0.705173  0.729490  0.617988  1.180077  0.40039543E+04
  419 33.292071 10.685096 13.640424  6.226793 -0.711172  0.729489  0.617990  1.180082  0.40329213E+04
  420 33.292187 10.685925 13.630423  6.222826 -0.717170  0.729489  0.617991  1.180088  0.40614545E+04
  421 33.292303 10.686747 13.620422  6.218858 -0.723168  0.729489  0.617993  1.180094  0.40895804E+04
  422 33.292416 10.687564 13.610421  6.214891 -0.729166  0.729489  0.617994  1.180099  0.41173236E+04
  423 33.292527 10.688374 13.600420  6.210924 -0.735164  0.729489  0.617996  1.180105  0.41447073E+04
  424 33.292637 10.689179 13.590420  6.206957 -0.741162  0.729488  0.617998  1.180111  0.41717532E+04
  425 33.292745 10.689977 13.580419  6.202990 -0.747160  0.729488  0.617999  1.180118  0.41984815E+04
  426 33.292851 10.690769 13.570418  6.199023 -0.753158  0.729488  0.618001  1.180124  0.42249067E+04
  427 33.292956 10.691555 13.560417  6.195056 -0.759156  0.729488  0.618003  1.180130  0.42510355E+04
  428 33.293058 10.692335 13.550416  6.191090 -0.765153  0.729488  0.618005  1.180137  0.42768987E+04
  429 33.293160 10.693109 13.540415  6.187123 -0.771151  0.729488  0.618006  1.180144  0.43025128E+04
  430 33.293259 10.693877 13.530415  6.183157 -0.777148  0.729487  0.618008  1.180151  0.43278932E+04
  431 33.293357 10.694640 13.520414  6.179191 -0.783145  0.729487  0.618010  1.180158  0.43530543E+04
  432 33.293453 10.695396 13.510413  6.175225 -0.789143  0.729487  0.618012  1.180165  0.43780101E+04
  433 33.293548 10.696147 13.500412  6.171259 -0.795140  0.729487  0.618014  1.180172  0.44027735E+04
  434 33.293641 10.696891 13.490411  6.167294 -0.801137  0.729487  0.618016  1.180180  0.44273570E+04
  435 33.293733 10.697631 13.480411  6.163328 -0.807134  0.729487  0.618018  1.180187  0.44517723E+04
  436 33.293823 10.698364 13.470410  6.159363 -0.813131  0.729487  0.618020  1.180195  0.44760307E+04
  437 33.293911 10.699092 13.460409  6.155398 -0.819128  0.729486  0.618023  1.180203  0.45001427E+04
  438 33.293998 10.699814 13.450408  6.151433 -0.825125  0.729486  0.618025  1.180211  0.45241185E+04
  439 33.294084 10.700531 13.440407  6.147468 -0.831122  0.729486  0.618027  1.180219  0.45479677E+04
  440 33.294168 10.701242 13.430407  6.143504 -0.837118  0.729486  0.618030  1.180228  0.45716993E+04
  441 33.294251 10.701947 13.420406  6.139539 -0.843115  0.729486  0.618032  1.180237  0.45953223E+04
  442 33.294333 10.702647 13.410405  6.135575 -0.849111  0.729486  0.618034  1.180245  0.46188448E+04
  443 33.294413 10.703342 13.400405  6.131611 -0.855108  0.729486  0.618037  1.180254  0.46422749E+04
  444 33.294491 10.704031 13.390404  6.127647 -0.861104  0.729486  0.618039  1.180264  0.46656201E+04
  445 33.294569 10.704715 13.380403  6.123683 -0.867100  0.729485  0.618042  1.180273  0.46888876E+04
  446 33.294645 10.705393 13.370402  6.119720 -0.873097  0.729485  0.618044  1.180283  0.47120845E+04
  447 33.294720 10.706067 13.360402  6.115757 -0.879093  0.729485  0.618047  1.180292  0.47352173E+04
  448 33.294793 10.706735 13.350401  6.111794 -0.885089  0.729485  0.618050  1.180302  0.47582924E+04
  449 33.294865 10.707397 13.340400  6.107831 -0.891085  0.729485  0.618053  1.180313  0.47813158E+04
  450 33.294936 10.708055 13.330400  6.103868 -0.897081  0.729485  0.618056  1.180323  0.48042934E+04
  451 33.295006 10.708707 13.320399  6.099906 -0.903077  0.729485  0.618058  1.180334  0.48272305E+04
  452 33.295075 10.709354 13.310398  6.095943 -0.909072  0.729485  0.618061  1.180344  0.48501189E+04
  453 33.295142 10.709997 13.300398  6.091981 -0.915068  0.729485  0.618064  1.180355  0.48729758E+04
  454 33.295209 10.710634 13.290397  6.088019 -0.921064  0.729485  0.618068  1.180367  0.48958065E+04
  455 33.295274 10.711266 13.280396  6.084058 -0.927059  0.729485  0.618071  1.180378  0.49186161E+04
  456 33.295338 10.711893 13.270396  6.080097 -0.933055  0.729484  0.618074  1.180390  0.49414096E+04
  457 33.295400 10.712515 13.260395  6.076135 -0.939050  0.729484  0.618077  1.180402  0.49641916E+04
  458 33.295462 10.713132 13.250395  6.072175 -0.945045  0.729484  0.618081  1.180414  0.49869669E+04
  459 33.295523 10.713745 13.240394  6.068214 -0.951041  0.729484  0.618084  1.180427  0.50097399E+04
  460 33.295582 10.714352 13.230393  6.064253 -0.957036  0.729484  0.618087  1.180439  0.50325149E+04
  461 33.295641 10.714955 13.220393  6.060293 -0.963031  0.729484  0.618091  1.180452  0.50552960E+04
  462 33.295699 10.715553 13.210392  6.056333 -0.969026  0.729484  0.618095  1.180466  0.50780873E+04
  463 33.295755 10.716146 13.200392  6.052374 -0.975021  0.729484  0.618098  1.180479  0.51008927E+04
  464 33.295811 10.716734 13.190391  6.048414 -0.981016  0.729484  0.618102  1.180493  0.51237159E+04
  465 33.295865 10.717318 13.180390  6.044455 -0.987011  0.729484  0.618106  1.180507  0.51465606E+04
  466 33.295919 10.717897 13.170390  6.040496 -0.993006  0.729484  0.618110  1.180521  0.51694303E+04
  467 33.295971 10.718471 13.160389  6.036538 -0.999001  0.729484  0.618114  1.180536  0.51923284E+04
  468 33.296023 10.719041 13.150389  6.032579 -1.004995  0.729484  0.618118  1.180551  0.52152581E+04
  469 33.296074 10.719606 13.140388  6.028621 -1.010990  0.729484  0.618122  1.180566  0.52382226E+04
  470 33.296124 10.720167 13.130388  6.024663 -1.016984  0.729484  0.618126  1.180582  0.52612250E+04
  471 33.296172 10.720723 13.120387  6.020706 -1.022979  0.729483  0.618131  1.180597  0.52842683E+04
  472 33.296221 10.721275 13.110386  6.016748 -1.028973  0.729483  0.618135  1.180614  0.53073553E+04
  473 33.296268 10.721822 13.100386  6.012791 -1.034968  0.729483  0.618140  1.180630  0.53304887E+04
  474 33.296314 10.722365 13.090385  6.008835 -1.040962  0.729483  0.618144  1.180647  0.53536713E+04
  475 33.296360 10.722904 13.080385  6.004878 -1.046956  0.729483  0.618149  1.180664  0.53769056E+04
  476 33.296404 10.723438 13.070384  6.000922 -1.052950  0.729483  0.618154  1.180681  0.54001941E+04
  477 33.296448 10.723968 13.060384  5.996971 -1.058467  0.729483  0.619060  1.183992  0.54171263E+04
  478 33.296491 10.724493 13.050383  5.993026 -1.064467  0.729483  0.619070  1.184029  0.54405754E+04
  479 33.296533 10.725014 13.040383  5.989081 -1.070467  0.729483  0.619081  1.184066  0.54640840E+04
  480 33.296575 10.725530 13.030382  5.985137 -1.076467  0.729483  0.619091  1.184104  0.54876535E+04
  481 33.296616 10.726043 13.020382  5.981192 -1.082466  0.729483  0.619101  1.184141  0.55112855E+04
  482 33.296656 10.726551 13.010381  5.977248 -1.088466  0.729483  0.619111  1.184179  0.55349813E+04
  483 33.296695 10.727055 13.000381  5.973303 -1.094465  0.729483  0.619122  1.184217  0.55587423E+04
  484 33.296734 10.727555 12.990380  5.969359 -1.100465  0.729483  0.619132  1.184255  0.55825700E+04
  485 33.296771 10.728051 12.980380  5.965416 -1.106464  0.729483  0.619143  1.184294  0.56064657E+04
  486 33.296809 10.728543 12.970379  5.961472 -1.112463  0.729483  0.619154  1.184333  0.56304345E+04
  487 33.296845 10.729031 12.960379  5.957529 -1.118462  0.729483  0.619164  1.184372  0.56544771E+04
  488 33.296881 10.729515 12.950378  5.953586 -1.124460  0.729483  0.619175  1.184411  0.56785918E+04
  489 33.296916 10.729995 12.940378  5.949643 -1.130459  0.729483  0.619186  1.184451  0.57027814E+04
  490 33.296950 10.730471 12.930377  5.945701 -1.136458  0.729483  0.619197  1.184491  0.57270613E+04
  491 33.296984 10.730944 12.920377  5.941759 -1.142456  0.729483  0.619208  1.184532  0.57514160E+04
  492 33.297017 10.731412 12.910377  5.937817 -1.148454  0.729483  0.619219  1.184573  0.57758463E+04
  493 33.297050 10.731877 12.900376  5.933876 -1.154453  0.729483  0.619230  1.184614  0.58003535E+04
  494 33.297082 10.732337 12.890376  5.929935 -1.160451  0.729483  0.619242  1.184656  0.58249387E+04
  495 33.297113 10.732794 12.880375  5.925994 -1.166449  0.729483  0.619254  1.184699  0.58496030E+04
  496 33.297144 10.733247 12.870375  5.922053 -1.172447  0.729483  0.619265  1.184741  0.58743478E+04
  497 33.297174 10.733697 12.860374  5.918114 -1.178445  0.729482  0.619277  1.184785  0.58991744E+04
  498 33.297204 10.734143 12.850374  5.914174 -1.184444  0.729482  0.619289  1.184829  0.59240841E+04
  499 33.297233 10.734585 12.840374  5.910235 -1.190442  0.729482  0.619301  1.184873  0.59490785E+04
  500 33.297261 10.735023 12.830373  5.906296 -1.196440  0.729482  0.619314  1.184918  0.59741588E+04
  501 33.297289 10.735458 12.820373  5.902358 -1.202437  0.729482  0.619326  1.184964  0.59993266E+04
  502 33.297317 10.735890 12.810372  5.898420 -1.208435  0.729482  0.619339  1.185010  0.60245841E+04
  503 33.297344 10.736317 12.800372  5.894482 -1.214433  0.729482  0.619351  1.185056  0.60499333E+04
  504 33.297370 10.736741 12.790371  5.890545 -1.220431  0.729482  0.619364  1.185104  0.60753742E+04
  505 33.297396 10.737162 12.780371  5.886608 -1.226429  0.729482  0.619377  1.185151  0.61009081E+04
  506 33.297421 10.737579 12.770371  5.882672 -1.232427  0.729482  0.619391  1.185200  0.61265363E+04
  507 33.297446 10.737993 12.760370  5.878736 -1.238424  0.729482  0.619404  1.185249  0.61522601E+04
  508 33.297471 10.738403 12.750370  5.874800 -1.244422  0.729482  0.619418  1.185299  0.61780806E+04
  509 33.297495 10.738810 12.740370  5.870865 -1.250420  0.729482  0.619431  1.185349  0.62039991E+04
  510 33.297518 10.739214 12.730369  5.866931 -1.256417  0.729482  0.619445  1.185400  0.62300166E+04
  511 33.297541 10.739614 12.720369  5.862997 -1.262415  0.729482  0.619459  1.185451  0.62561342E+04
  512 33.297564 10.740011 12.710368  5.859063 -1.268412  0.729482  0.619473  1.185503  0.62823529E+04
  513 33.297586 10.740404 12.700368  5.855129 -1.274410  0.729482  0.619488  1.185556  0.63086736E+04
  514 33.297608 10.740795 12.690368  5.851197 -1.280407  0.729482  0.619502  1.185609  0.63350973E+04
  515 33.297629 10.741182 12.680367  5.847264 -1.286404  0.729482  0.619517  1.185663  0.63616229E+04
  516 33.297650 10.741566 12.670367  5.843332 -1.292402  0.729482  0.619532  1.185718  0.63882524E+04
  517 33.297670 10.741946 12.660367  5.839401 -1.298399  0.729482  0.619547  1.185773  0.64149875E+04
  518 33.297691 10.742323 12.650366  5.835469 -1.304396  0.729482  0.619563  1.185829  0.64418289E+04
  519 33.297710 10.742698 12.640366  5.831539 -1.310393  0.729482  0.619578  1.185886  0.64687775E+04
  520 33.297730 10.743069 12.630366  5.827608 -1.316390  0.729482  0.619594  1.185943  0.64958339E+04
  521 33.297749 10.743437 12.620365  5.823679 -1.322387  0.729482  0.619610  1.186001  0.65229989E+04
  522 33.297767 10.743802 12.610365  5.819749 -1.328384  0.729482  0.619626  1.186060  0.65502731E+04
  523 33.297785 10.744164 12.600365  5.815820 -1.334381  0.729482  0.619642  1.186120  0.65776571E+04
  524 33.297803 10.744522 12.590364  5.811892 -1.340378  0.729482  0.619658  1.186180  0.66051515E+04
  525 33.297821 10.744878 12.580364  5.807964 -1.346374  0.729482  0.619675  1.186241  0.66327570E+04
  526 33.297838 10.745231 12.570364  5.804037 -1.352371  0.729482  0.619692  1.186303  0.66604742E+04
  527 33.297855 10.745581 12.560363  5.800110 -1.358368  0.729482  0.619709  1.186366  0.66883037E+04
  528 33.297871 10.745928 12.550363  5.796184 -1.364364  0.729482  0.619727  1.186430  0.67162435E+04
  529 33.297887 10.746272 12.540363  5.792258 -1.370361  0.729482  0.619744  1.186494  0.67442970E+04
  530 33.297903 10.746613 12.530362  5.788332 -1.376357  0.729482  0.619762  1.186560  0.67724650E+04
  531 33.297919 10.746951 12.520362  5.784408 -1.382354  0.729482  0.619780  1.186626  0.68007481E+04
  532 33.297934 10.747286 12.510362  5.780483 -1.388350  0.729482  0.619799  1.186694  0.68291471E+04
  533 33.297949 10.747619 12.500361  5.776560 -1.394347  0.729482  0.619817  1.186762  0.68576626E+04
  534 33.297964 10.747949 12.490361  5.772637 -1.400343  0.729482  0.619836  1.186832  0.68862954E+04
  535 33.297978 10.748276 12.480361  5.768714 -1.406340  0.729482  0.619856  1.186902  0.69150463E+04
  536 33.297992 10.748600 12.470360  5.764792 -1.412336  0.729482  0.619875  1.186974  0.69439159E+04
  537 33.298006 10.748921 12.460360  5.760871 -1.418333  0.729482  0.619895  1.187047  0.69729053E+04
  538 33.298019 10.749240 12.450360  5.756951 -1.424329  0.729482  0.619915  1.187121  0.70020151E+04
  539 33.298033 10.749556 12.440360  5.753031 -1.430326  0.729482  0.619936  1.187196  0.70312463E+04
  540 33.298045 10.749869 12.430359  5.749112 -1.436322  0.729482  0.619957  1.187273  0.70605996E+04
  541 33.298058 10.750180 12.420359  5.745193 -1.442319  0.729482  0.619978  1.187351  0.70900759E+04
  542 33.298071 10.750488 12.410359  5.741276 -1.448315  0.729482  0.620000  1.187430  0.71196765E+04
  543 33.298083 10.750793 12.400358  5.737358 -1.454312  0.729482  0.620022  1.187511  0.71494026E+04
  544 33.298095 10.751096 12.390358  5.733442 -1.460309  0.729482  0.620044  1.187593  0.71792553E+04
  545 33.298107 10.751396 12.380358  5.729527 -1.466305  0.729482  0.620067  1.187676  0.72092358E+04
  546 33.298118 10.751694 12.370358  5.725612 -1.472302  0.729482  0.620090  1.187761  0.72393453E+04
  547 33.298129 10.751989 12.360357  5.721698 -1.478299  0.729482  0.620113  1.187847  0.72695851E+04
  548 33.298140 10.752281 12.350357  5.717785 -1.484296  0.729482  0.620137  1.187935  0.72999565E+04
  549 33.298151 10.752571 12.340357  5.713872 -1.490293  0.729482  0.620162  1.188025  0.73304608E+04
  550 33.298162 10.752859 12.330357  5.709961 -1.496290  0.729482  0.620187  1.188116  0.73610994E+04
  551 33.298172 10.753144 12.320356  5.706050 -1.502288  0.729482  0.620212  1.188208  0.73918734E+04
  552 33.298182 10.753427 12.310356  5.702140 -1.508285  0.729482  0.620238  1.188303  0.74227843E+04
  553 33.298192 10.753707 12.300356  5.698231 -1.514283  0.729482  0.620264  1.188399  0.74538325E+04
  554 33.298202 10.753985 12.290356  5.694322 -1.520280  0.729482  0.620290  1.188496  0.74850190E+04
  555 33.298211 10.754260 12.280355  5.690415 -1.526278  0.729482  0.620317  1.188595  0.75163461E+04
  556 33.298221 10.754534 12.270355  5.686508 -1.532275  0.729482  0.620345  1.188696  0.75478149E+04
  557 33.298230 10.754804 12.260355  5.682603 -1.538273  0.729482  0.620373  1.188799  0.75794263E+04
  558 33.298239 10.755073 12.250355  5.678698 -1.544271  0.729482  0.620401  1.188903  0.76111813E+04
  559 33.298248 10.755339 12.240354  5.674794 -1.550269  0.729482  0.620430  1.189009  0.76430805E+04
  560 33.298256 10.755603 12.230354  5.670891 -1.556267  0.729482  0.620460  1.189117  0.76751246E+04
  561 33.298265 10.755865 12.220354  5.666989 -1.562266  0.729482  0.620490  1.189227  0.77073142E+04
  562 33.298273 10.756124 12.210354  5.663087 -1.568264  0.729482  0.620520  1.189339  0.77396496E+04
  563 33.298281 10.756381 12.200353  5.659187 -1.574262  0.729482  0.620551  1.189452  0.77721312E+04
  564 33.298289 10.756636 12.190353  5.655288 -1.580261  0.729482  0.620582  1.189567  0.78047591E+04
  565 33.298297 10.756889 12.180353  5.651389 -1.586259  0.729482  0.620614  1.189685  0.78375335E+04
  566 33.298305 10.757139 12.170353  5.647491 -1.592258  0.729482  0.620647  1.189804  0.78704557E+04
  567 33.298312 10.757388 12.160353  5.643595 -1.598257  0.729482  0.620680  1.189925  0.79035248E+04
  568 33.298319 10.757634 12.150352  5.639699 -1.604256  0.729482  0.620713  1.190048  0.79367402E+04
  569 33.298326 10.757878 12.140352  5.635804 -1.610255  0.729482  0.620747  1.190173  0.79701017E+04
  570 33.298333 10.758120 12.130352  5.631910 -1.616254  0.729482  0.620782  1.190300  0.80036090E+04
  571 33.298340 10.758360 12.120352  5.628017 -1.622253  0.729482  0.620817  1.190430  0.80372622E+04
  572 33.298347 10.758598 12.110351  5.624126 -1.628253  0.729482  0.620853  1.190561  0.80710610E+04
  573 33.298354 10.758834 12.100351  5.620235 -1.634252  0.729482  0.620889  1.190695  0.81050070E+04
  574 33.298360 10.759067 12.090351  5.616345 -1.640252  0.729482  0.620926  1.190831  0.81390988E+04
  575 33.298366 10.759299 12.080351  5.612457 -1.646252  0.729482  0.620964  1.190970  0.81733359E+04
  576 33.298373 10.759529 12.070351  5.608569 -1.652252  0.729482  0.621002  1.191111  0.82077185E+04
  577 33.298379 10.759757 12.060350  5.604683 -1.658252  0.729482  0.621041  1.191254  0.82422466E+04
  578 33.298385 10.759982 12.050350  5.600797 -1.664253  0.729482  0.621081  1.191400  0.82769202E+04
  579 33.298390 10.760206 12.040350  5.596913 -1.670253  0.729482  0.621121  1.191548  0.83117396E+04
  580 33.298396 10.760428 12.030350  5.593030 -1.676254  0.729482  0.621162  1.191699  0.83467049E+04
  581 33.298402 10.760648 12.020350  5.589149 -1.682255  0.729482  0.621204  1.191853  0.83818162E+04
  582 33.298407 10.760866 12.010349  5.585268 -1.688257  0.729482  0.621247  1.192009  0.84170736E+04
  583 33.298412 10.761082 12.000349  5.581389 -1.694258  0.729482  0.621290  1.192169  0.84524775E+04
  584 33.298418 10.761296 11.990349  5.577511 -1.700260  0.729482  0.621334  1.192331  0.84880281E+04
  585 33.298423 10.761509 11.980349  5.573634 -1.706263  0.729482  0.621379  1.192496  0.85237256E+04
  586 33.298428 10.761719 11.970349  5.569759 -1.712265  0.729482  0.621425  1.192665  0.85595703E+04
  587 33.298433 10.761928 11.960349  5.565885 -1.718268  0.729482  0.621471  1.192836  0.85955626E+04
  588 33.298437 10.762135 11.950348  5.562013 -1.724271  0.729482  0.621519  1.193011  0.86317028E+04
  589 33.298442 10.762340 11.940348  5.558142 -1.730275  0.729482  0.621567  1.193189  0.86679911E+04
  590 33.298447 10.762544 11.930348  5.554272 -1.736279  0.729482  0.621616  1.193370  0.87044279E+04
  591 33.298451 10.762745 11.920348  5.550404 -1.742283  0.729482  0.621667  1.193555  0.87410135E+04
  592 33.298456 10.762945 11.910348  5.546538 -1.748288  0.729482  0.621718  1.193743  0.87777481E+04
  593 33.298460 10.763143 11.900347  5.542673 -1.754293  0.729482  0.621770  1.193935  0.88146320E+04
  594 33.298464 10.763339 11.890347  5.538809 -1.760298  0.729482  0.621823  1.194131  0.88516657E+04
  595 33.298468 10.763534 11.880347  5.534948 -1.766304  0.729482  0.621877  1.194330  0.88888494E+04
  596 33.298472 10.763727 11.870347  5.531088 -1.772311  0.729482  0.621932  1.194534  0.89261835E+04
  597 33.298476 10.763918 11.860347  5.527229 -1.778318  0.729482  0.621988  1.194741  0.89636681E+04
  598 33.298480 10.764108 11.850347  5.523372 -1.784325  0.729482  0.622046  1.194952  0.90013037E+04
  599 33.298484 10.764296 11.840346  5.519518 -1.790333  0.729482  0.622104  1.195167  0.90390906E+04
  600 33.298488 10.764482 11.830346  5.515664 -1.796342  0.729482  0.622164  1.195387  0.90770290E+04
  601 33.298491 10.764667 11.820346  5.511813 -1.802351  0.729482  0.622224  1.195611  0.91151194E+04
  602 33.298495 10.764850 11.810346  5.507964 -1.808361  0.729482  0.622286  1.195839  0.91533620E+04
  603 33.298498 10.765031 11.800346  5.504116 -1.814371  0.729482  0.622349  1.196072  0.91917573E+04
  604 33.298502 10.765211 11.790346  5.500271 -1.820382  0.729482  0.622414  1.196309  0.92303057E+04
  605 33.298505 10.765389 11.780346  5.496427 -1.826394  0.729482  0.622479  1.196551  0.92690076E+04
  606 33.298509 10.765566 11.770345  5.492585 -1.832407  0.729482  0.622546  1.196798  0.93078635E+04
  607 33.298512 10.765741 11.760345  5.488746 -1.838420  0.729482  0.622614  1.197050  0.93468739E+04
  608 33.298515 10.765915 11.750345  5.484908 -1.844433  0.729482  0.622684  1.197307  0.93860392E+04
  609 33.298518 10.766087 11.740345  5.481073 -1.850448  0.729482  0.622755  1.197568  0.94253601E+04
  610 33.298521 10.766257 11.730345  5.477240 -1.856463  0.729482  0.622827  1.197835  0.94648371E+04
  611 33.298524 10.766427 11.720345  5.473409 -1.862480  0.729482  0.622900  1.198108  0.95044710E+04
  612 33.298527 10.766594 11.710345  5.469580 -1.868497  0.729482  0.622976  1.198385  0.95442624E+04
  613 33.298530 10.766760 11.700344  5.465753 -1.874514  0.729482  0.623052  1.198668  0.95842122E+04
  614 33.298532 10.766925 11.690344  5.461929 -1.880533  0.729482  0.623130  1.198957  0.96243210E+04
  615 33.298535 10.767088 11.680344  5.458107 -1.886553  0.729482  0.623210  1.199251  0.96645899E+04
  616 33.298538 10.767250 11.670344  5.454288 -1.892573  0.729482  0.623291  1.199551  0.97050196E+04
  617 33.298540 10.767411 11.660344  5.450471 -1.898595  0.729482  0.623373  1.199857  0.97456112E+04
  618 33.298543 10.767570 11.650344  5.446656 -1.904617  0.729482  0.623458  1.200169  0.97863656E+04
  619 33.298545 10.767727 11.640344  5.442844 -1.910640  0.729482  0.623543  1.200487  0.98272838E+04
  620 33.298548 10.767884 11.630343  5.439034 -1.916665  0.729482  0.623631  1.200811  0.98683669E+04
  621 33.298550 10.768038 11.620343  5.435227 -1.922690  0.729482  0.623720  1.201141  0.99096159E+04
  622 33.298552 10.768192 11.610343  5.431423 -1.928717  0.729482  0.623811  1.201478  0.99510319E+04
  623 33.298555 10.768344 11.600343  5.427621 -1.934744  0.729482  0.623903  1.201821  0.99926160E+04
  624 33.298557 10.768495 11.590343  5.423821 -1.940773  0.729482  0.623998  1.202171  0.10034369E+05
  625 33.298559 10.768645 11.580343  5.420025 -1.946803  0.729482  0.624094  1.202527  0.10076292E+05
  626 33.298561 10.768793 11.570343  5.416231 -1.952834  0.729482  0.624191  1.202890  0.10118386E+05
  627 33.298563 10.768940 11.560343  5.412440 -1.958866  0.729482  0.624291  1.203259  0.10160652E+05
  628 33.298565 10.769085 11.550342  5.408652 -1.964899  0.729482  0.624392  1.203636  0.10203091E+05
  629 33.298567 10.769230 11.540342  5.404866 -1.970933  0.729482  0.624496  1.204020  0.10245702E+05
  630 33.298569 10.769373 11.530342  5.401083 -1.976969  0.729482  0.624601  1.204410  0.10288488E+05
  631 33.298571 10.769515 11.520342  5.397304 -1.983006  0.729482  0.624708  1.204808  0.10331448E+05
  632 33.298573 10.769655 11.510342  5.393527 -1.989044  0.729482  0.624817  1.205213  0.10374582E+05
  633 33.298575 10.769795 11.500342  5.389753 -1.995083  0.729482  0.624928  1.205625  0.10417891E+05
  634 33.298576 10.769866 11.495180  5.387806 -1.998201  0.729482  0.624986  1.205841  0.10440314E+05
