# DMESTAR Mass Track Snapshot
#
# Model Number:    400  Age (Myr):     29.867
#  Mass (Msun):  1.000 Fe/H (dex):   0.05
#
#---------
   16  381
    1 28.361093  8.613402 17.133390  7.103555  1.898799  0.000146  0.618446  1.180603  0.69532142-309
    2 28.411093  8.630069 17.133352  7.103540  1.898776  0.000164  0.618446  1.180603  0.69532142-309
    3 28.461093  8.646737 17.133312  7.103524  1.898752  0.000184  0.618446  1.180603  0.69532142-309
    4 28.511093  8.663405 17.133268  7.103506  1.898726  0.000206  0.618446  1.180603  0.69532142-309
    5 28.561093  8.680075 17.133220  7.103487  1.898697  0.000232  0.618446  1.180603  0.69532142-309
    6 28.611093  8.696745 17.133169  7.103467  1.898666  0.000260  0.618446  1.180603  0.69532142-309
    7 28.661093  8.713416 17.133113  7.103445  1.898633  0.000291  0.618446  1.180603  0.69532142-309
    8 28.711093  8.730088 17.133054  7.103421  1.898597  0.000327  0.618446  1.180603  0.69532142-309
    9 28.761093  8.746760 17.132989  7.103396  1.898559  0.000367  0.618446  1.180603  0.69532142-309
   10 28.811093  8.763434 17.132919  7.103368  1.898517  0.000411  0.618446  1.180603  0.69532142-309
   11 28.861093  8.780108 17.132844  7.103338  1.898471  0.000461  0.618446  1.180603  0.69532142-309
   12 28.911093  8.796783 17.132763  7.103306  1.898423  0.000517  0.618446  1.180603  0.69532142-309
   13 28.961093  8.813459 17.132675  7.103271  1.898370  0.000580  0.618446  1.180603  0.69532142-309
   14 29.011093  8.830136 17.132580  7.103234  1.898313  0.000650  0.618446  1.180603  0.69532142-309
   15 29.061093  8.846814 17.132478  7.103193  1.898252  0.000729  0.618446  1.180603  0.69532142-309
   16 29.111093  8.863493 17.132367  7.103149  1.898185  0.000817  0.618446  1.180603  0.69532142-309
   17 29.161093  8.880174 17.132248  7.103102  1.898114  0.000915  0.618446  1.180603  0.69532142-309
   18 29.211093  8.896855 17.132119  7.103051  1.898036  0.001026  0.618446  1.180603  0.69532142-309
   19 29.261093  8.913538 17.131980  7.102996  1.897953  0.001150  0.618446  1.180603  0.69532142-309
   20 29.311093  8.930222 17.131829  7.102936  1.897862  0.001288  0.618446  1.180603  0.69532142-309
   21 29.361093  8.946908 17.131667  7.102872  1.897765  0.001443  0.618446  1.180603  0.69532142-309
   22 29.411093  8.963595 17.131491  7.102802  1.897659  0.001617  0.618446  1.180603  0.69532142-309
   23 29.461093  8.980284 17.131302  7.102727  1.897546  0.001811  0.618446  1.180603  0.69532142-309
   24 29.511093  8.996975 17.131097  7.102646  1.897423  0.002028  0.618446  1.180603  0.69532142-309
   25 29.561093  9.013668 17.130876  7.102559  1.897290  0.002271  0.618446  1.180603  0.69532142-309
   26 29.611093  9.030363 17.130638  7.102464  1.897147  0.002542  0.618446  1.180603  0.69532142-309
   27 29.661093  9.047060 17.130380  7.102362  1.896992  0.002846  0.618446  1.180603  0.69532142-309
   28 29.711093  9.063760 17.130101  7.102252  1.896825  0.003185  0.618446  1.180603  0.69532142-309
   29 29.761093  9.080463 17.129801  7.102132  1.896645  0.003564  0.618446  1.180603  0.69532142-309
   30 29.811093  9.097168 17.129476  7.102004  1.896450  0.003986  0.618446  1.180603  0.69532142-309
   31 29.861093  9.113877 17.129125  7.101864  1.896239  0.004458  0.618446  1.180603  0.69532142-309
   32 29.911093  9.130589 17.128746  7.101714  1.896011  0.004985  0.618446  1.180603  0.69532142-309
   33 29.961093  9.147305 17.128336  7.101552  1.895765  0.005571  0.618446  1.180603  0.69532142-309
   34 30.011093  9.164024 17.127893  7.101377  1.895500  0.006226  0.618446  1.180603  0.69532142-309
   35 30.061093  9.180748 17.127415  7.101187  1.895213  0.006954  0.618446  1.180603  0.69532142-309
   36 30.111093  9.197477 17.126899  7.100983  1.894903  0.007766  0.618446  1.180603  0.69532142-309
   37 30.161093  9.214210 17.126341  7.100761  1.894568  0.008668  0.618446  1.180603  0.69532142-309
   38 30.211093  9.230949 17.125738  7.100522  1.894206  0.009672  0.618446  1.180603  0.69532142-309
   39 30.261093  9.247694 17.125086  7.100264  1.893815  0.010787  0.618446  1.180603  0.69532142-309
   40 30.311093  9.264445 17.124382  7.099985  1.893392  0.012024  0.618446  1.180603  0.69532142-309
   41 30.361093  9.281203 17.123621  7.099684  1.892935  0.013397  0.618446  1.180603  0.69532142-309
   42 30.411093  9.297968 17.122799  7.099358  1.892442  0.014919  0.618446  1.180603  0.69532142-309
   43 30.461093  9.314741 17.121910  7.099006  1.891908  0.016603  0.618446  1.180603  0.69532142-309
   44 30.511093  9.331523 17.120949  7.098625  1.891331  0.018465  0.618446  1.180603  0.69532142-309
   45 30.561093  9.348314 17.119910  7.098213  1.890708  0.020522  0.618446  1.180603  0.69532142-309
   46 30.611093  9.365115 17.118787  7.097768  1.890033  0.022791  0.618446  1.180603  0.69532142-309
   47 30.661093  9.381927 17.117572  7.097287  1.889304  0.025291  0.618446  1.180603  0.69532142-309
   48 30.711093  9.398751 17.116259  7.096766  1.888516  0.028040  0.618446  1.180603  0.69532142-309
   49 30.761093  9.415588 17.114838  7.096203  1.887663  0.031060  0.618446  1.180603  0.69532142-309
   50 30.811093  9.432438 17.113301  7.095595  1.886741  0.034370  0.618446  1.180603  0.69532142-309
   51 30.861093  9.449304 17.111639  7.094936  1.885743  0.037992  0.618446  1.180603  0.69532142-309
   52 30.911093  9.466185 17.109840  7.094223  1.884664  0.041946  0.618446  1.180603  0.69532142-309
   53 30.961093  9.483085 17.107894  7.093452  1.883495  0.046254  0.618446  1.180603  0.69532142-309
   54 31.011093  9.500003 17.105787  7.092617  1.882230  0.050937  0.618446  1.180603  0.69532142-309
   55 31.061093  9.516942 17.103506  7.091713  1.880861  0.056012  0.618446  1.180603  0.69532142-309
   56 31.111093  9.533904 17.101035  7.090734  1.879379  0.061498  0.618446  1.180603  0.69532142-309
   57 31.161093  9.550889 17.098360  7.089674  1.877773  0.067410  0.618446  1.180603  0.69532142-309
   58 31.211093  9.567902 17.095461  7.088526  1.876033  0.073758  0.618446  1.180603  0.69532142-309
   59 31.261093  9.584943 17.092320  7.087281  1.874147  0.080549  0.618446  1.180603  0.69532142-309
   60 31.311093  9.602015 17.088914  7.085931  1.872103  0.087786  0.618446  1.180603  0.69532142-309
   61 31.361093  9.619121 17.085222  7.084468  1.869887  0.095465  0.618446  1.180603  0.69532142-309
   62 31.411093  9.636264 17.081215  7.082881  1.867483  0.103572  0.618446  1.180603  0.69532142-309
   63 31.461093  9.653448 17.076868  7.081158  1.864873  0.112088  0.618446  1.180603  0.69532142-309
   64 31.511093  9.670675 17.072148  7.079288  1.862040  0.120981  0.618446  1.180603  0.69532142-309
   65 31.561093  9.687950 17.067020  7.077256  1.858963  0.130209  0.618446  1.180603  0.69532142-309
   66 31.611093  9.705277 17.061448  7.075048  1.855619  0.139718  0.618446  1.180603  0.69532142-309
   67 31.661093  9.722661 17.055389  7.072647  1.851982  0.149442  0.618446  1.180603  0.69532142-309
   68 31.711093  9.740107 17.048795  7.070035  1.848025  0.159299  0.618446  1.180603  0.69532142-309
   69 31.761093  9.757621 17.041616  7.067190  1.843716  0.169196  0.618446  1.180603  0.69532142-309
   70 31.811093  9.775210 17.033793  7.064091  1.839022  0.179024  0.618446  1.180603  0.69532142-309
   71 31.861093  9.792881 17.025261  7.060710  1.833901  0.188663  0.618446  1.180603  0.69532142-309
   72 31.911093  9.810642 17.015947  7.057020  1.828312  0.197981  0.618446  1.180603  0.69532142-309
   73 31.959848  9.828056 17.006035  7.053093  1.822364  0.206623  0.618446  1.180603  0.69532142-309
   74 32.004930  9.844250 16.996065  7.049143  1.816382  0.214169  0.618446  1.180603  0.69532142-309
   75 32.046599  9.859305 16.986096  7.045253  1.810342  0.220885  0.618446  1.180603  0.00000000E+00
   76 32.085303  9.873372 16.976127  7.041481  1.804171  0.228190  0.618426  1.180574  0.00000000E+00
   77 32.121406  9.886577 16.966158  7.037819  1.797904  0.236039  0.618423  1.180571  0.00000000E+00
   78 32.155213  9.899022 16.956189  7.034252  1.791544  0.243369  0.618421  1.180567  0.00000000E+00
   79 32.186976  9.910792 16.946219  7.030774  1.785095  0.250269  0.618419  1.180564  0.00000000E+00
   80 32.216910  9.921959 16.936250  7.027382  1.778562  0.256817  0.618417  1.180561  0.00000000E+00
   81 32.245197  9.932585 16.926280  7.024070  1.771951  0.263085  0.618415  1.180558  0.00000000E+00
   82 32.271993  9.942722 16.916309  7.020833  1.765264  0.269136  0.618413  1.180555  0.00000000E+00
   83 32.297436  9.952415 16.906339  7.017666  1.758509  0.275021  0.618410  1.180552  0.00000000E+00
   84 32.321643  9.961705 16.896367  7.014564  1.751688  0.280783  0.618408  1.180549  0.00000000E+00
   85 32.344717  9.970625 16.886396  7.011524  1.744806  0.286457  0.618407  1.180546  0.00000000E+00
   86 32.366750  9.979205 16.876424  7.008540  1.737868  0.292071  0.618405  1.180544  0.00000000E+00
   87 32.387823  9.987474 16.866452  7.005610  1.730876  0.297648  0.618403  1.180541  0.00000000E+00
   88 32.408008  9.995453 16.856479  7.002729  1.723835  0.303204  0.618401  1.180538  0.00000000E+00
   89 32.427368 10.003165 16.846506  6.999895  1.716748  0.308751  0.618399  1.180536  0.00000000E+00
   90 32.445961 10.010629 16.836532  6.997103  1.709618  0.314300  0.618398  1.180534  0.00000000E+00
   91 32.463839 10.017860 16.826558  6.994351  1.702448  0.319856  0.618396  1.180531  0.00000000E+00
   92 32.481049 10.024876 16.816584  6.991636  1.695241  0.325424  0.618395  1.180529  0.00000000E+00
   93 32.497632 10.031689 16.806609  6.988956  1.687999  0.331006  0.618393  1.180527  0.00000000E+00
   94 32.513629 10.038313 16.796634  6.986308  1.680723  0.336604  0.618392  1.180525  0.00000000E+00
   95 32.529073 10.044758 16.786659  6.983691  1.673417  0.342219  0.618391  1.180523  0.00000000E+00
   96 32.543997 10.051035 16.776683  6.981102  1.666082  0.347849  0.618389  1.180521  0.00000000E+00
   97 32.558431 10.057155 16.766706  6.978541  1.658719  0.353494  0.618388  1.180519  0.00000000E+00
   98 32.572400 10.063124 16.756730  6.976004  1.651331  0.359151  0.618387  1.180517  0.00000000E+00
   99 32.585931 10.068953 16.746753  6.973491  1.643919  0.364820  0.618386  1.180516  0.00000000E+00
  100 32.599046 10.074647 16.736775  6.971001  1.636483  0.370498  0.618384  1.180514  0.00000000E+00
  101 32.611766 10.080214 16.726797  6.968532  1.629025  0.376182  0.618383  1.180513  0.00000000E+00
  102 32.624111 10.085661 16.716819  6.966083  1.621547  0.381870  0.618382  1.180511  0.00000000E+00
  103 32.636099 10.090993 16.706841  6.963653  1.614049  0.387561  0.618381  1.180510  0.00000000E+00
  104 32.647747 10.096215 16.696862  6.961242  1.606533  0.393251  0.618380  1.180508  0.00000000E+00
  105 32.659072 10.101333 16.686883  6.958847  1.598999  0.398938  0.618380  1.180507  0.00000000E+00
  106 32.670086 10.106352 16.676904  6.956469  1.591447  0.404621  0.618379  1.180506  0.00000000E+00
  107 32.680806 10.111276 16.666924  6.954106  1.583879  0.410296  0.618378  1.180504  0.00000000E+00
  108 32.691242 10.116109 16.656944  6.951759  1.576296  0.415963  0.618377  1.180503  0.00000000E+00
  109 32.701408 10.120855 16.646964  6.949425  1.568698  0.421619  0.618376  1.180502  0.00000000E+00
  110 32.711315 10.125517 16.636983  6.947106  1.561085  0.427261  0.618375  1.180501  0.00000000E+00
  111 32.720973 10.130100 16.627002  6.944799  1.553459  0.432889  0.618375  1.180500  0.00000000E+00
  112 32.730392 10.134606 16.617021  6.942505  1.545819  0.438501  0.618374  1.180499  0.00000000E+00
  113 32.739582 10.139039 16.607040  6.940224  1.538166  0.444095  0.618373  1.180498  0.00000000E+00
  114 32.748551 10.143400 16.597058  6.937953  1.530501  0.449670  0.618373  1.180497  0.00000000E+00
  115 32.757309 10.147694 16.587076  6.935695  1.522824  0.455224  0.618372  1.180496  0.00000000E+00
  116 32.765862 10.151921 16.577094  6.933446  1.515136  0.460757  0.618371  1.180495  0.00000000E+00
  117 32.774219 10.156086 16.567112  6.931209  1.507437  0.466266  0.618371  1.180494  0.00000000E+00
  118 32.782387 10.160190 16.557129  6.928981  1.499726  0.471751  0.618370  1.180493  0.00000000E+00
  119 32.790372 10.164235 16.547147  6.926763  1.492005  0.477211  0.618370  1.180493  0.00000000E+00
  120 32.798180 10.168224 16.537164  6.924555  1.484274  0.482644  0.618369  1.180492  0.00000000E+00
  121 32.805819 10.172158 16.527180  6.922356  1.476533  0.488051  0.618369  1.180491  0.00000000E+00
  122 32.813292 10.176038 16.517197  6.920166  1.468783  0.493429  0.618368  1.180490  0.00000000E+00
  123 32.820607 10.179868 16.507213  6.917984  1.461023  0.498779  0.618368  1.180490  0.00000000E+00
  124 32.827768 10.183649 16.497229  6.915811  1.453254  0.504099  0.618367  1.180489  0.00000000E+00
  125 32.834780 10.187381 16.487245  6.913646  1.445476  0.509390  0.618367  1.180488  0.00000000E+00
  126 32.841648 10.191067 16.477261  6.911489  1.437690  0.514649  0.618366  1.180488  0.00000000E+00
  127 32.848376 10.194709 16.467276  6.909340  1.429895  0.519878  0.618366  1.180487  0.00000000E+00
  128 32.854969 10.198307 16.457292  6.907198  1.422092  0.525074  0.618365  1.180486  0.00000000E+00
  129 32.861431 10.201862 16.447307  6.905063  1.414280  0.530239  0.618365  1.180486  0.00000000E+00
  130 32.867766 10.205377 16.437322  6.902936  1.406461  0.535370  0.618365  1.180485  0.00000000E+00
  131 32.873977 10.208852 16.427337  6.900816  1.398635  0.540469  0.618364  1.180485  0.00000000E+00
  132 32.880069 10.212289 16.417351  6.898702  1.390801  0.545533  0.618364  1.180484  0.00000000E+00
  133 32.886044 10.215688 16.407366  6.896595  1.382960  0.550563  0.618363  1.180484  0.00000000E+00
  134 32.891907 10.219051 16.397380  6.894493  1.375112  0.555558  0.618363  1.180483  0.00000000E+00
  135 32.897659 10.222378 16.387394  6.892398  1.367258  0.560518  0.618363  1.180483  0.00000000E+00
  136 32.903305 10.225671 16.377408  6.890308  1.359397  0.565442  0.618362  1.180482  0.00000000E+00
  137 32.908847 10.228931 16.367421  6.888224  1.351530  0.570330  0.618362  1.180482  0.00000000E+00
  138 32.914288 10.232158 16.357435  6.886145  1.343657  0.575182  0.618362  1.180481  0.00000000E+00
  139 32.919631 10.235353 16.347448  6.884071  1.335778  0.579997  0.618361  1.180481  0.00000000E+00
  140 32.924877 10.238518 16.337462  6.882003  1.327893  0.584776  0.618361  1.180480  0.00000000E+00
  141 32.930031 10.241652 16.327475  6.879940  1.320003  0.589519  0.618361  1.180480  0.00000000E+00
  142 32.935094 10.244757 16.317488  6.877882  1.312107  0.594224  0.618361  1.180480  0.00000000E+00
  143 32.940069 10.247834 16.307501  6.875828  1.304205  0.598893  0.618360  1.180479  0.00000000E+00
  144 32.944957 10.250883 16.297513  6.873780  1.296298  0.603525  0.618360  1.180479  0.00000000E+00
  145 32.949761 10.253905 16.287526  6.871735  1.288386  0.608119  0.618360  1.180478  0.00000000E+00
  146 32.954484 10.256900 16.277538  6.869696  1.280469  0.612676  0.618360  1.180478  0.00000000E+00
  147 32.959126 10.259869 16.267550  6.867661  1.272546  0.617196  0.618359  1.180478  0.00000000E+00
  148 32.963690 10.262814 16.257562  6.865630  1.264619  0.621678  0.618359  1.180477  0.00000000E+00
  149 32.968178 10.265733 16.247574  6.863603  1.256687  0.626123  0.618359  1.180477  0.00000000E+00
  150 32.972592 10.268629 16.237586  6.861581  1.248750  0.630531  0.618359  1.180477  0.00000000E+00
  151 32.976934 10.271501 16.227598  6.859562  1.240809  0.634901  0.618358  1.180476  0.00000000E+00
  152 32.981204 10.274350 16.217609  6.857548  1.232863  0.639234  0.618358  1.180476  0.00000000E+00
  153 32.985405 10.277177 16.207620  6.855537  1.224912  0.643529  0.618358  1.180476  0.00000000E+00
  154 32.989538 10.279982 16.197632  6.853530  1.216957  0.647786  0.618358  1.180476  0.00000000E+00
  155 32.993606 10.282765 16.187643  6.851527  1.208998  0.652007  0.618358  1.180475  0.00000000E+00
  156 32.997608 10.285527 16.177654  6.849528  1.201034  0.656190  0.618357  1.180475  0.00000000E+00
  157 33.001547 10.288269 16.167665  6.847532  1.193067  0.660335  0.618357  1.180475  0.00000000E+00
  158 33.005425 10.290991 16.157675  6.845539  1.185095  0.664444  0.618357  1.180474  0.00000000E+00
  159 33.009242 10.293693 16.147686  6.843550  1.177119  0.668515  0.618357  1.180474  0.00000000E+00
  160 33.013000 10.296376 16.137696  6.841565  1.169140  0.672549  0.618357  1.180474  0.00000000E+00
  161 33.016699 10.299040 16.127707  6.839583  1.161156  0.676545  0.618356  1.180474  0.00000000E+00
  162 33.020343 10.301686 16.117717  6.837603  1.153169  0.680505  0.618356  1.180473  0.00000000E+00
  163 33.023930 10.304314 16.107727  6.835627  1.145178  0.684428  0.618356  1.180473  0.00000000E+00
  164 33.027463 10.306924 16.097737  6.833655  1.137183  0.688314  0.618356  1.180473  0.00000000E+00
  165 33.030944 10.309516 16.087747  6.831685  1.129185  0.692163  0.618356  1.180473  0.00000000E+00
  166 33.034371 10.312092 16.077757  6.829718  1.121184  0.695976  0.618356  1.180472  0.00000000E+00
  167 33.037748 10.314651 16.067766  6.827754  1.113179  0.699752  0.618355  1.180472  0.00000000E+00
  168 33.041075 10.317193 16.057776  6.825793  1.105170  0.703492  0.618355  1.180472  0.00000000E+00
  169 33.044353 10.319720 16.047785  6.823835  1.097158  0.707195  0.618355  1.180472  0.00000000E+00
  170 33.047582 10.322231 16.037795  6.821879  1.089143  0.710862  0.618355  1.180472  0.00000000E+00
  171 33.050765 10.324727 16.027804  6.819926  1.081125  0.714493  0.618355  1.180471  0.00000000E+00
  172 33.053901 10.327207 16.017813  6.817976  1.073104  0.718089  0.618355  1.180471  0.00000000E+00
  173 33.056992 10.329673 16.007822  6.816028  1.065079  0.721648  0.618355  1.180471  0.00000000E+00
  174 33.060039 10.332124 15.997831  6.814083  1.057052  0.725172  0.618354  1.180471  0.00000000E+00
  175 33.063041 10.334560 15.987839  6.812140  1.049021  0.728661  0.618354  1.180471  0.00000000E+00
  176 33.066002 10.336983 15.977848  6.810200  1.040988  0.732114  0.618354  1.180470  0.00000000E+00
  177 33.068920 10.339392 15.967856  6.808262  1.032952  0.735532  0.618354  1.180470  0.00000000E+00
  178 33.071797 10.341788 15.957865  6.806327  1.024913  0.738915  0.618354  1.180470  0.00000000E+00
  179 33.074633 10.344170 15.947873  6.804393  1.016871  0.742263  0.618354  1.180470  0.00000000E+00
  180 33.077430 10.346539 15.937881  6.802462  1.008827  0.745577  0.618354  1.180470  0.00000000E+00
  181 33.080188 10.348895 15.927889  6.800533  1.000780  0.748856  0.618353  1.180470  0.00000000E+00
  182 33.082908 10.351239 15.917897  6.798606  0.992730  0.752100  0.618353  1.180469  0.00000000E+00
  183 33.085590 10.353570 15.907905  6.796681  0.984678  0.755311  0.618353  1.180469  0.00000000E+00
  184 33.088235 10.355889 15.897913  6.794758  0.976624  0.758487  0.618353  1.180469  0.00000000E+00
  185 33.090844 10.358197 15.887921  6.792837  0.968567  0.761630  0.618353  1.180469  0.00000000E+00
  186 33.093418 10.360492 15.877928  6.790918  0.960508  0.764739  0.618353  1.180469  0.00000000E+00
  187 33.095956 10.362776 15.867936  6.789001  0.952447  0.767814  0.618353  1.180469  0.00000000E+00
  188 33.098460 10.365048 15.857943  6.787085  0.944383  0.770856  0.618353  1.180468  0.00000000E+00
  189 33.100931 10.367310 15.847950  6.785171  0.936318  0.773865  0.618352  1.180468  0.00000000E+00
  190 33.103368 10.369560 15.837957  6.783259  0.928250  0.776841  0.618352  1.180468  0.00000000E+00
  191 33.105772 10.371800 15.827964  6.781348  0.920180  0.779784  0.618352  1.180468  0.00000000E+00
  192 33.108145 10.374028 15.817971  6.779439  0.912109  0.782695  0.618352  1.180468  0.00000000E+00
  193 33.110486 10.376247 15.807978  6.777531  0.904035  0.785573  0.618352  1.180468  0.00000000E+00
  194 33.112796 10.378455 15.797985  6.775625  0.895959  0.788419  0.618352  1.180468  0.00000000E+00
  195 33.115075 10.380653 15.787991  6.773721  0.887882  0.791234  0.618352  1.180468  0.00000000E+00
  196 33.117325 10.382840 15.777998  6.771818  0.879802  0.794016  0.618352  1.180467  0.00000000E+00
  197 33.119545 10.385018 15.768004  6.769916  0.871721  0.796768  0.618352  1.180467  0.00000000E+00
  198 33.121736 10.387187 15.758011  6.768015  0.863639  0.799487  0.618351  1.180467  0.00000000E+00
  199 33.123899 10.389345 15.748017  6.766116  0.855554  0.802176  0.618351  1.180467  0.00000000E+00
  200 33.126033 10.391495 15.738023  6.764219  0.847468  0.804834  0.618351  1.180467  0.00000000E+00
  201 33.128140 10.393635 15.728029  6.762322  0.839380  0.807462  0.618351  1.180467  0.00000000E+00
  202 33.130220 10.395765 15.718035  6.760427  0.831291  0.810058  0.618351  1.180467  0.00000000E+00
  203 33.132273 10.397887 15.708040  6.758532  0.823200  0.812625  0.618351  1.180467  0.00000000E+00
  204 33.134300 10.400000 15.698046  6.756639  0.815107  0.815162  0.618351  1.180466  0.00000000E+00
  205 33.136301 10.402105 15.688052  6.754747  0.807013  0.817669  0.618351  1.180466  0.00000000E+00
  206 33.138276 10.404200 15.678057  6.752856  0.798918  0.820146  0.618351  1.180466  0.00000000E+00
  207 33.140226 10.406287 15.668063  6.750966  0.790821  0.822594  0.618351  1.180466  0.00000000E+00
  208 33.142152 10.408366 15.658068  6.749077  0.782723  0.825013  0.618351  1.180466  0.00000000E+00
  209 33.144053 10.410436 15.648073  6.747189  0.774624  0.827403  0.618350  1.180466  0.00000000E+00
  210 33.145930 10.412499 15.638078  6.745302  0.766523  0.829764  0.618350  1.180466  0.00000000E+00
  211 33.147784 10.414553 15.628083  6.743416  0.758422  0.832097  0.618350  1.180466  0.00000000E+00
  212 33.149615 10.416599 15.618088  6.741530  0.750318  0.834402  0.618350  1.180466  0.00000000E+00
  213 33.151422 10.418638 15.608093  6.739646  0.742214  0.836678  0.618350  1.180466  0.00000000E+00
  214 33.153208 10.420669 15.598097  6.737762  0.734109  0.838927  0.618350  1.180466  0.00000000E+00
  215 33.154971 10.422692 15.588102  6.735879  0.726003  0.841148  0.618350  1.180466  0.00000000E+00
  216 33.156712 10.424707 15.578106  6.733996  0.717895  0.843342  0.618350  1.180465  0.00000000E+00
  217 33.158431 10.426716 15.568111  6.732115  0.709787  0.845509  0.618350  1.180465  0.00000000E+00
  218 33.160130 10.428717 15.558115  6.730234  0.701678  0.847649  0.618350  1.180465  0.00000000E+00
  219 33.161807 10.430710 15.548119  6.728353  0.693567  0.849762  0.618350  1.180465  0.00000000E+00
  220 33.163464 10.432697 15.538123  6.726473  0.685456  0.851849  0.618350  1.180465  0.00000000E+00
  221 33.165101 10.434676 15.528127  6.724594  0.677344  0.853909  0.618350  1.180465  0.00000000E+00
  222 33.166717 10.436649 15.518131  6.722715  0.669231  0.855944  0.618349  1.180465  0.00000000E+00
  223 33.168314 10.438615 15.508135  6.720837  0.661118  0.857953  0.618349  1.180465  0.00000000E+00
  224 33.169891 10.440573 15.498138  6.718959  0.653003  0.859936  0.618349  1.180465  0.00000000E+00
  225 33.171450 10.442526 15.488142  6.717081  0.644888  0.861894  0.618349  1.180465  0.00000000E+00
  226 33.172989 10.444471 15.478145  6.715204  0.636772  0.863827  0.618349  1.180465  0.00000000E+00
  227 33.174510 10.446410 15.468148  6.713327  0.628656  0.865735  0.618349  1.180465  0.00000000E+00
  228 33.176012 10.448343 15.458152  6.711451  0.620538  0.867618  0.618349  1.180465  0.00000000E+00
  229 33.177497 10.450269 15.448155  6.709575  0.612421  0.869477  0.618349  1.180465  0.00000000E+00
  230 33.178963 10.452189 15.438158  6.707699  0.604302  0.871311  0.618349  1.180465  0.00000000E+00
  231 33.180412 10.454102 15.428161  6.705824  0.596183  0.873122  0.618349  1.180465  0.00000000E+00
  232 33.181844 10.456010 15.418163  6.703949  0.588064  0.874909  0.618349  1.180465  0.00000000E+00
  233 33.183258 10.457911 15.408166  6.702073  0.579944  0.876672  0.618349  1.180465  0.00000000E+00
  234 33.184656 10.459806 15.398169  6.700198  0.571824  0.878412  0.618349  1.180465  0.00000000E+00
  235 33.186037 10.461695 15.388171  6.698324  0.563703  0.880129  0.618348  1.180465  0.00000000E+00
  236 33.187401 10.463579 15.378174  6.696449  0.555582  0.881823  0.618348  1.180465  0.00000000E+00
  237 33.188750 10.465456 15.368176  6.694575  0.547460  0.883494  0.618348  1.180465  0.00000000E+00
  238 33.190082 10.467328 15.358178  6.692700  0.539338  0.885143  0.618348  1.180465  0.00000000E+00
  239 33.191399 10.469194 15.348180  6.690826  0.531215  0.886770  0.618348  1.180465  0.00000000E+00
  240 33.192700 10.471055 15.338182  6.688952  0.523092  0.888375  0.618348  1.180465  0.00000000E+00
  241 33.193985 10.472910 15.328184  6.687078  0.514969  0.889958  0.618348  1.180465  0.00000000E+00
  242 33.195256 10.474759 15.318185  6.685205  0.506845  0.891519  0.618348  1.180465  0.00000000E+00
  243 33.196512 10.476603 15.308187  6.683331  0.498722  0.893060  0.618348  1.180465  0.00000000E+00
  244 33.197753 10.478441 15.298189  6.681457  0.490597  0.894578  0.618348  1.180465  0.00000000E+00
  245 33.198979 10.480274 15.288190  6.679583  0.482473  0.896076  0.618348  1.180465  0.00000000E+00
  246 33.200191 10.482102 15.278191  6.677709  0.474349  0.897554  0.618348  1.180465  0.00000000E+00
  247 33.201389 10.483925 15.268192  6.675835  0.466224  0.899010  0.618348  1.180465  0.00000000E+00
  248 33.202573 10.485742 15.258193  6.673960  0.458099  0.900446  0.618348  1.180465  0.00000000E+00
  249 33.203743 10.487554 15.248194  6.672086  0.449975  0.901863  0.618348  1.180465  0.00000000E+00
  250 33.204899 10.489361 15.238195  6.670211  0.441850  0.903259  0.618348  1.180465  0.00000000E+00
  251 33.206042 10.491163 15.228196  6.668336  0.433725  0.904635  0.618348  1.180465  0.00000000E+00
  252 33.207172 10.492960 15.218197  6.666461  0.425601  0.905992  0.618348  1.180465  0.00000000E+00
  253 33.208289 10.494752 15.208197  6.664585  0.417476  0.907329  0.618348  1.180465  0.00000000E+00
  254 33.209393 10.496540 15.198197  6.662709  0.409352  0.908648  0.618347  1.180465  0.00000000E+00
  255 33.210484 10.498322 15.188198  6.660832  0.401227  0.909947  0.618347  1.180465  0.00000000E+00
  256 33.211562 10.500099 15.178198  6.658955  0.393103  0.911227  0.618347  1.180465  0.00000000E+00
  257 33.212628 10.501872 15.168198  6.657078  0.384980  0.912489  0.618348  1.180465  0.00000000E+00
  258 33.213682 10.503640 15.158198  6.655200  0.376856  0.913732  0.618347  1.180465  0.00000000E+00
  259 33.214723 10.505403 15.148198  6.653321  0.368733  0.914957  0.618347  1.180465  0.00000000E+00
  260 33.215753 10.507162 15.138197  6.651442  0.360610  0.916164  0.618347  1.180465  0.00000000E+00
  261 33.216771 10.508916 15.128197  6.649562  0.352488  0.917353  0.618347  1.180465  0.00000000E+00
  262 33.217777 10.510666 15.118196  6.647682  0.344366  0.918525  0.618347  1.180466  0.00000000E+00
  263 33.218772 10.512411 15.108195  6.645801  0.336245  0.919679  0.618347  1.180466  0.00000000E+00
  264 33.219755 10.514151 15.098195  6.643919  0.328124  0.920815  0.618347  1.180466  0.00000000E+00
  265 33.220727 10.515887 15.088194  6.642036  0.320004  0.921935  0.618347  1.180466  0.00000000E+00
  266 33.221687 10.517619 15.078193  6.640152  0.311885  0.923037  0.618347  1.180466  0.00000000E+00
  267 33.222637 10.519346 15.068192  6.638267  0.303766  0.924122  0.618347  1.180466  0.00000000E+00
  268 33.223576 10.521069 15.058190  6.636381  0.295648  0.925191  0.618347  1.180466  0.00000000E+00
  269 33.224505 10.522787 15.048189  6.634495  0.287531  0.926244  0.618347  1.180466  0.00000000E+00
  270 33.225422 10.524501 15.038187  6.632607  0.279414  0.927280  0.618347  1.180466  0.00000000E+00
  271 33.226330 10.526211 15.028186  6.630718  0.271299  0.928300  0.618347  1.180467  0.00000000E+00
  272 33.227226 10.527917 15.018184  6.628828  0.263185  0.929304  0.618347  1.180467  0.00000000E+00
  273 33.228113 10.529618 15.008182  6.626937  0.255071  0.930292  0.618347  1.180467  0.00000000E+00
  274 33.228990 10.531316 14.998180  6.625044  0.246959  0.931264  0.618347  1.180467  0.00000000E+00
  275 33.229857 10.533009 14.988178  6.623150  0.238847  0.932221  0.618347  1.180467  0.00000000E+00
  276 33.230714 10.534698 14.978176  6.621255  0.230737  0.933163  0.618347  1.180467  0.00000000E+00
  277 33.231561 10.536383 14.968173  6.619358  0.222629  0.934089  0.618347  1.180467  0.00000000E+00
  278 33.232398 10.538064 14.958171  6.617460  0.214521  0.935001  0.618347  1.180467  0.00000000E+00
  279 33.233226 10.539741 14.948168  6.615560  0.206415  0.935897  0.618347  1.180468  0.00000000E+00
  280 33.234045 10.541414 14.938165  6.613658  0.198311  0.936779  0.618347  1.180468  0.00000000E+00
  281 33.234854 10.543083 14.928162  6.611755  0.190208  0.937647  0.618347  1.180468  0.00000000E+00
  282 33.235655 10.544747 14.918159  6.609850  0.182106  0.938500  0.618347  1.180468  0.00000000E+00
  283 33.236446 10.546408 14.908156  6.607944  0.174006  0.939338  0.618347  1.180468  0.00000000E+00
  284 33.237228 10.548066 14.898153  6.606035  0.165907  0.940163  0.618347  1.180468  0.00000000E+00
  285 33.238002 10.549719 14.888149  6.604124  0.157811  0.940974  0.618347  1.180468  0.00000000E+00
  286 33.238767 10.551368 14.878146  6.602212  0.149716  0.941770  0.618347  1.180469  0.00000000E+00
  287 33.239523 10.553013 14.868142  6.600297  0.141623  0.942554  0.618347  1.180469  0.00000000E+00
  288 33.240270 10.554655 14.858138  6.598380  0.133533  0.943323  0.618347  1.180469  0.00000000E+00
  289 33.241009 10.556293 14.848134  6.596461  0.125444  0.944080  0.618347  1.180470  0.00000000E+00
  290 33.241740 10.557927 14.838130  6.594539  0.117358  0.944823  0.618347  1.180470  0.00000000E+00
  291 33.242463 10.559557 14.828126  6.592615  0.109274  0.945552  0.618347  1.180470  0.00000000E+00
  292 33.243177 10.561183 14.818121  6.590688  0.101192  0.946269  0.618347  1.180470  0.00000000E+00
  293 33.243884 10.562806 14.808117  6.588759  0.093113  0.946973  0.618347  1.180470  0.00000000E+00
  294 33.244582 10.564425 14.798112  6.586827  0.085037  0.947664  0.618347  1.180470  0.00000000E+00
  295 33.245272 10.566040 14.788107  6.584892  0.076963  0.948343  0.618347  1.180471  0.00000000E+00
  296 33.245955 10.567652 14.778102  6.582953  0.068892  0.949009  0.618347  1.180471  0.00000000E+00
  297 33.246630 10.569259 14.768097  6.581012  0.060824  0.949663  0.618347  1.180471  0.00000000E+00
  298 33.247298 10.570863 14.758092  6.579068  0.052759  0.950305  0.618347  1.180472  0.00000000E+00
  299 33.247958 10.572464 14.748087  6.577120  0.044697  0.950934  0.618347  1.180472  0.00000000E+00
  300 33.248610 10.574061 14.738081  6.575169  0.036639  0.951552  0.618347  1.180472  0.00000000E+00
  301 33.249256 10.575654 14.728075  6.573215  0.028583  0.952157  0.618347  1.180472  0.00000000E+00
  302 33.249893 10.577243 14.718070  6.571257  0.020531  0.952751  0.618347  1.180472  0.00000000E+00
  303 33.250524 10.578829 14.708064  6.569295  0.012483  0.953334  0.618347  1.180472  0.00000000E+00
  304 33.251148 10.580411 14.698057  6.567330  0.004438  0.953905  0.618347  1.180473  0.00000000E+00
  305 33.251764 10.581989 14.688051  6.565361 -0.003603  0.954464  0.618347  1.180473  0.00000000E+00
  306 33.252374 10.583564 14.678045  6.563387 -0.011640  0.955012  0.618347  1.180474  0.00000000E+00
  307 33.252977 10.585136 14.668038  6.561410 -0.019673  0.955550  0.618347  1.180474  0.00000000E+00
  308 33.253573 10.586703 14.658032  6.559428 -0.027702  0.956076  0.618347  1.180474  0.00000000E+00
  309 33.254162 10.588267 14.648025  6.557442 -0.035727  0.956591  0.618347  1.180474  0.00000000E+00
  310 33.254745 10.589828 14.638018  6.555451 -0.043747  0.957095  0.618347  1.180474  0.00000000E+00
  311 33.255321 10.591385 14.628011  6.553455 -0.051763  0.957589  0.618347  1.180475  0.00000000E+00
  312 33.255891 10.592938 14.618004  6.551455 -0.059774  0.958072  0.618347  1.180475  0.00000000E+00
  313 33.256454 10.594488 14.607996  6.549449 -0.067780  0.958545  0.618347  1.180476  0.00000000E+00
  314 33.257011 10.596034 14.597989  6.547439 -0.075781  0.959007  0.618347  1.180476  0.00000000E+00
  315 33.257561 10.597576 14.587981  6.545423 -0.083776  0.959459  0.618347  1.180476  0.00000000E+00
  316 33.258105 10.599115 14.577973  6.543402 -0.091767  0.959901  0.618347  1.180476  0.00000000E+00
  317 33.258643 10.600650 14.567965  6.541374 -0.099752  0.960333  0.618347  1.180477  0.00000000E+00
  318 33.259176 10.602182 14.557957  6.539342 -0.107731  0.960754  0.618347  1.180477  0.00000000E+00
  319 33.259702 10.603710 14.547949  6.537303 -0.115704  0.961166  0.618347  1.180477  0.00000000E+00
  320 33.260222 10.605234 14.537940  6.535258 -0.123671  0.961568  0.618347  1.180478  0.00000000E+00
  321 33.260736 10.606755 14.527932  6.533206 -0.131632  0.961961  0.618347  1.180478  0.00000000E+00
  322 33.261244 10.608272 14.517923  6.531148 -0.139586  0.962343  0.618347  1.180479  0.00000000E+00
  323 33.261747 10.609786 14.507914  6.529083 -0.147534  0.962717  0.618347  1.180479  0.00000000E+00
  324 33.262244 10.611296 14.497905  6.527011 -0.155474  0.963080  0.618347  1.180479  0.00000000E+00
  325 33.262735 10.612802 14.487896  6.524931 -0.163407  0.963435  0.618347  1.180479  0.00000000E+00
  326 33.263221 10.614305 14.477886  6.522844 -0.171333  0.963780  0.618347  1.180480  0.00000000E+00
  327 33.263701 10.615804 14.467877  6.520749 -0.179251  0.964116  0.618347  1.180480  0.00000000E+00
  328 33.264176 10.617299 14.457867  6.518646 -0.187161  0.964442  0.618347  1.180480  0.00000000E+00
  329 33.264645 10.618790 14.447857  6.516535 -0.195063  0.964760  0.618347  1.180481  0.00000000E+00
  330 33.265109 10.620278 14.437847  6.514415 -0.202956  0.965069  0.618348  1.180481  0.00000000E+00
  331 33.265568 10.621762 14.427837  6.512287 -0.210840  0.965368  0.618348  1.180482  0.00000000E+00
  332 33.266021 10.623242 14.417827  6.510149 -0.218715  0.965659  0.618348  1.180482  0.00000000E+00
  333 33.266469 10.624719 14.407817  6.508001 -0.226581  0.965941  0.618348  1.180482  0.00000000E+00
  334 33.266912 10.626192 14.397806  6.505843 -0.234436  0.966214  0.618348  1.180483  0.00000000E+00
  335 33.267350 10.627661 14.387795  6.503676 -0.242282  0.966479  0.618348  1.180483  0.00000000E+00
  336 33.267783 10.629126 14.377784  6.501497 -0.250116  0.966735  0.618348  1.180483  0.00000000E+00
  337 33.268211 10.630587 14.367773  6.499308 -0.257940  0.966983  0.618348  1.180484  0.00000000E+00
  338 33.268635 10.632045 14.357762  6.497107 -0.265752  0.967222  0.618348  1.180484  0.00000000E+00
  339 33.269053 10.633498 14.347751  6.494894 -0.273552  0.967452  0.618348  1.180485  0.00000000E+00
  340 33.269466 10.634948 14.337740  6.492669 -0.281340  0.967674  0.618348  1.180485  0.00000000E+00
  341 33.269875 10.636393 14.327728  6.490431 -0.289115  0.967888  0.618348  1.180486  0.00000000E+00
  342 33.270279 10.637835 14.317716  6.488179 -0.296877  0.968093  0.618348  1.180486  0.00000000E+00
  343 33.270678 10.639273 14.307704  6.485914 -0.304625  0.968290  0.618348  1.180486  0.00000000E+00
  344 33.271073 10.640706 14.297692  6.483634 -0.312358  0.968479  0.618348  1.180487  0.00000000E+00
  345 33.271463 10.642136 14.287680  6.481339 -0.320076  0.968659  0.618348  1.180487  0.00000000E+00
  346 33.271848 10.643561 14.277668  6.479029 -0.327778  0.968831  0.618348  1.180488  0.00000000E+00
  347 33.272230 10.644982 14.267656  6.476702 -0.335464  0.968995  0.618348  1.180488  0.00000000E+00
  348 33.272606 10.646399 14.257643  6.474359 -0.343133  0.969151  0.618348  1.180489  0.00000000E+00
  349 33.272978 10.647812 14.247630  6.471997 -0.350784  0.969298  0.618349  1.180489  0.00000000E+00
  350 33.273346 10.649221 14.237617  6.469617 -0.358416  0.969438  0.618349  1.180490  0.00000000E+00
  351 33.273710 10.650625 14.227605  6.467218 -0.366029  0.969569  0.618349  1.180490  0.00000000E+00
  352 33.274069 10.652024 14.217591  6.464798 -0.373621  0.969692  0.618349  1.180491  0.00000000E+00
  353 33.274424 10.653419 14.207578  6.462358 -0.381192  0.969806  0.618349  1.180491  0.00000000E+00
  354 33.274775 10.654810 14.197565  6.459895 -0.388741  0.969913  0.618349  1.180492  0.00000000E+00
  355 33.275122 10.656196 14.187551  6.457409 -0.396266  0.970011  0.618349  1.180492  0.00000000E+00
  356 33.275465 10.657578 14.177538  6.454899 -0.403767  0.970100  0.618349  1.180493  0.00000000E+00
  357 33.275803 10.658954 14.167524  6.452363 -0.411242  0.970182  0.618349  1.180494  0.00000000E+00
  358 33.276138 10.660326 14.157511  6.449800 -0.418689  0.970255  0.618349  1.180494  0.00000000E+00
  359 33.276469 10.661694 14.147497  6.447209 -0.426108  0.970319  0.618349  1.180495  0.00000000E+00
  360 33.276795 10.663056 14.137483  6.444588 -0.433497  0.970375  0.618349  1.180495  0.00000000E+00
  361 33.277118 10.664413 14.127469  6.441936 -0.440854  0.970422  0.618349  1.180496  0.00000000E+00
  362 33.277437 10.665765 14.117455  6.439251 -0.448177  0.970461  0.618349  1.180497  0.00000000E+00
  363 33.277752 10.667112 14.107440  6.436530 -0.455465  0.970491  0.618350  1.180497  0.00000000E+00
  364 33.278063 10.668453 14.097426  6.433773 -0.462716  0.970511  0.618350  1.180498  0.00000000E+00
  365 33.278371 10.669790 14.087412  6.430976 -0.469926  0.970523  0.618350  1.180499  0.00000000E+00
  366 33.278675 10.671120 14.077397  6.428138 -0.477095  0.970525  0.618350  1.180500  0.00000000E+00
  367 33.278975 10.672445 14.067383  6.425256 -0.484218  0.970517  0.618350  1.180500  0.00000000E+00
  368 33.279271 10.673765 14.057368  6.422327 -0.491294  0.970500  0.618350  1.180501  0.00000000E+00
  369 33.279564 10.675078 14.047350  6.419346 -0.498321  0.970473  0.618350  1.180502  0.00000000E+00
  370 33.279853 10.676384 14.037347  6.416316 -0.505284  0.970436  0.618350  1.180503  0.00000000E+00
  371 33.279974 10.676932 14.033134  6.415024 -0.508199  0.970417  0.618350  1.180503  0.00000000E+00
  372 33.280249 10.678190 14.023440  6.412009 -0.514866  0.970367  0.618351  1.180504  0.00000000E+00
  373 33.280521 10.679441 14.013746  6.408935 -0.521473  0.970306  0.618351  1.180505  0.00000000E+00
  374 33.280790 10.680686 14.004052  6.405797 -0.528015  0.970235  0.618351  1.180506  0.00000000E+00
  375 33.281055 10.681924 13.994358  6.402591 -0.534488  0.970152  0.618351  1.180507  0.00000000E+00
  376 33.281317 10.683156 13.984664  6.399312 -0.540886  0.970059  0.618351  1.180508  0.00000000E+00
  377 33.281576 10.684382 13.974970  6.395954 -0.547204  0.969953  0.618351  1.180509  0.00000000E+00
  378 33.281832 10.685600 13.965276  6.392511 -0.553436  0.969835  0.618352  1.180510  0.00000000E+00
  379 33.282085 10.686812 13.955582  6.388976 -0.559574  0.969703  0.618352  1.180512  0.00000000E+00
  380 33.282334 10.688016 13.945888  6.385341 -0.565609  0.969558  0.618352  1.180513  0.00000000E+00
  381 33.282581 10.689212 13.936192  6.381595 -0.571533  0.969401  0.618352  1.180514  0.00000000E+00
  382 33.282832 10.690440 13.926178  6.377643 -0.577568  0.969234  0.618353  1.180516  0.12231955E+04
  383 33.283081 10.691659 13.916165  6.373668 -0.583579  0.969067  0.618353  1.180518  0.16715938E+04
  384 33.283326 10.692869 13.906151  6.369693 -0.589589  0.968904  0.618354  1.180521  0.19538354E+04
  385 33.283567 10.694072 13.896137  6.365718 -0.595600  0.968745  0.618354  1.180523  0.21684139E+04
  386 33.283806 10.695265 13.886124  6.361743 -0.601610  0.968589  0.618355  1.180525  0.23443454E+04
  387 33.284042 10.696451 13.876111  6.357768 -0.607620  0.968436  0.618356  1.180527  0.24947140E+04
  388 33.284274 10.697628 13.866098  6.353793 -0.613630  0.968286  0.618356  1.180529  0.26266869E+04
  389 33.284503 10.698796 13.856085  6.349819 -0.619640  0.968140  0.618357  1.180532  0.27446723E+04
  390 33.284730 10.699957 13.846072  6.345844 -0.625650  0.967997  0.618358  1.180534  0.28516004E+04
  391 33.284953 10.701109 13.836060  6.341869 -0.631659  0.967858  0.618358  1.180537  0.29495312E+04
  392 33.285173 10.702253 13.826047  6.337894 -0.637668  0.967721  0.618359  1.180539  0.30399755E+04
  393 33.285391 10.703389 13.816035  6.333920 -0.643677  0.967587  0.618360  1.180542  0.31240791E+04
  394 33.285605 10.704517 13.806022  6.329945 -0.649686  0.967456  0.618360  1.180545  0.32027341E+04
  395 33.285816 10.705637 13.796010  6.325970 -0.655695  0.967328  0.618361  1.180547  0.32766512E+04
  396 33.286025 10.706749 13.785998  6.321996 -0.661703  0.967203  0.618362  1.180550  0.33464065E+04
  397 33.286231 10.707853 13.775986  6.318021 -0.667711  0.967081  0.618363  1.180553  0.34124748E+04
  398 33.286434 10.708949 13.765975  6.314047 -0.673720  0.966961  0.618363  1.180556  0.34752527E+04
  399 33.286634 10.710037 13.755963  6.310073 -0.679728  0.966845  0.618364  1.180559  0.35350754E+04
  400 33.286831 10.711118 13.745951  6.306098 -0.685735  0.966730  0.618365  1.180562  0.35922289E+04
  401 33.287026 10.712191 13.735940  6.302124 -0.691743  0.966619  0.618366  1.180565  0.36469601E+04
  402 33.287217 10.713256 13.725929  6.298150 -0.697750  0.966509  0.618367  1.180568  0.36990662E+04
  403 33.287406 10.714313 13.715917  6.294176 -0.703758  0.966403  0.618368  1.180571  0.37487315E+04
  404 33.287593 10.715363 13.705906  6.290202 -0.709765  0.966298  0.618369  1.180574  0.37966203E+04
  405 33.287777 10.716405 13.695895  6.286228 -0.715772  0.966196  0.618370  1.180578  0.38428782E+04
  406 33.287958 10.717440 13.685885  6.282254 -0.721779  0.966097  0.618370  1.180581  0.38876354E+04
  407 33.288136 10.718467 13.675874  6.278280 -0.727785  0.966000  0.618371  1.180585  0.39310079E+04
  408 33.288312 10.719486 13.665863  6.274307 -0.733792  0.965904  0.618372  1.180588  0.39731003E+04
  409 33.288486 10.720499 13.655853  6.270333 -0.739798  0.965812  0.618373  1.180592  0.40140067E+04
  410 33.288657 10.721504 13.645842  6.266360 -0.745804  0.965721  0.618374  1.180596  0.40538126E+04
  411 33.288825 10.722501 13.635832  6.262386 -0.751810  0.965632  0.618376  1.180600  0.40925956E+04
  412 33.288992 10.723491 13.625822  6.258413 -0.757816  0.965546  0.618377  1.180604  0.41304263E+04
  413 33.289155 10.724475 13.615812  6.254440 -0.763822  0.965461  0.618378  1.180608  0.41673694E+04
  414 33.289316 10.725450 13.605802  6.250467 -0.769827  0.965378  0.618379  1.180612  0.42034841E+04
  415 33.289475 10.726419 13.595792  6.246494 -0.775833  0.965298  0.618380  1.180616  0.42388250E+04
  416 33.289632 10.727381 13.585782  6.242521 -0.781838  0.965219  0.618381  1.180620  0.42734421E+04
  417 33.289786 10.728335 13.575772  6.238548 -0.787843  0.965142  0.618382  1.180624  0.43073819E+04
  418 33.289938 10.729283 13.565763  6.234575 -0.793848  0.965067  0.618384  1.180629  0.43406502E+04
  419 33.290087 10.730223 13.555753  6.230602 -0.799853  0.964993  0.618385  1.180633  0.43732774E+04
  420 33.290235 10.731157 13.545744  6.226630 -0.805857  0.964922  0.618386  1.180638  0.44053559E+04
  421 33.290380 10.732083 13.535734  6.222658 -0.811862  0.964852  0.618387  1.180643  0.44369193E+04
  422 33.290523 10.733003 13.525725  6.218685 -0.817866  0.964783  0.618389  1.180648  0.44679992E+04
  423 33.290664 10.733916 13.515716  6.214713 -0.823870  0.964717  0.618390  1.180653  0.44986249E+04
  424 33.290802 10.734822 13.505707  6.210741 -0.829875  0.964652  0.618391  1.180658  0.45288238E+04
  425 33.290939 10.735722 13.495698  6.206769 -0.835879  0.964588  0.618393  1.180663  0.45586216E+04
  426 33.291073 10.736614 13.485689  6.202797 -0.841882  0.964526  0.618394  1.180668  0.45880422E+04
  427 33.291206 10.737500 13.475680  6.198826 -0.847886  0.964466  0.618396  1.180673  0.46171109E+04
  428 33.291336 10.738380 13.465671  6.194854 -0.853890  0.964407  0.618397  1.180679  0.46458499E+04
  429 33.291464 10.739253 13.455663  6.190883 -0.859893  0.964349  0.618399  1.180684  0.46742711E+04
  430 33.291591 10.740119 13.445654  6.186912 -0.865896  0.964293  0.618400  1.180690  0.47023935E+04
  431 33.291715 10.740979 13.435646  6.182940 -0.871899  0.964238  0.618402  1.180696  0.47302351E+04
  432 33.291837 10.741832 13.425637  6.178970 -0.877902  0.964184  0.618404  1.180702  0.47578130E+04
  433 33.291958 10.742679 13.415629  6.174999 -0.883905  0.964132  0.618405  1.180708  0.47851432E+04
  434 33.292077 10.743520 13.405621  6.171028 -0.889908  0.964081  0.618407  1.180714  0.48122411E+04
  435 33.292193 10.744354 13.395613  6.167057 -0.895911  0.964032  0.618409  1.180720  0.48391210E+04
  436 33.292308 10.745182 13.385605  6.163087 -0.901913  0.963983  0.618410  1.180727  0.48657969E+04
  437 33.292421 10.746003 13.375597  6.159117 -0.907916  0.963936  0.618412  1.180733  0.48922816E+04
  438 33.292533 10.746819 13.365589  6.155147 -0.913918  0.963890  0.618414  1.180740  0.49185876E+04
  439 33.292642 10.747628 13.355581  6.151177 -0.919920  0.963845  0.618416  1.180747  0.49447267E+04
  440 33.292750 10.748431 13.345573  6.147207 -0.925922  0.963801  0.618418  1.180754  0.49707102E+04
  441 33.292856 10.749228 13.335566  6.143238 -0.931924  0.963758  0.618420  1.180761  0.49965487E+04
  442 33.292960 10.750019 13.325558  6.139268 -0.937926  0.963716  0.618422  1.180768  0.50222523E+04
  443 33.293063 10.750804 13.315551  6.135299 -0.943927  0.963675  0.618424  1.180776  0.50478309E+04
  444 33.293164 10.751583 13.305543  6.131330 -0.949929  0.963636  0.618426  1.180783  0.50732937E+04
  445 33.293263 10.752356 13.295536  6.127361 -0.955930  0.963597  0.618428  1.180791  0.50986496E+04
  446 33.293361 10.753123 13.285529  6.123392 -0.961932  0.963559  0.618430  1.180799  0.51239069E+04
  447 33.293457 10.753884 13.275521  6.119424 -0.967933  0.963523  0.618432  1.180807  0.51490738E+04
  448 33.293551 10.754639 13.265514  6.115455 -0.973934  0.963487  0.618435  1.180815  0.51741580E+04
  449 33.293644 10.755389 13.255507  6.111487 -0.979935  0.963452  0.618437  1.180824  0.51991670E+04
  450 33.293736 10.756132 13.245500  6.107519 -0.985936  0.963418  0.618439  1.180832  0.52241077E+04
  451 33.293826 10.756870 13.235493  6.103551 -0.991937  0.963384  0.618442  1.180841  0.52489870E+04
  452 33.293914 10.757602 13.225486  6.099584 -0.997937  0.963352  0.618444  1.180850  0.52738124E+04
  453 33.294001 10.758329 13.215479  6.095616 -1.003938  0.963321  0.618447  1.180859  0.52985963E+04
  454 33.294087 10.759050 13.205473  6.091649 -1.009938  0.963290  0.618449  1.180868  0.53233339E+04
  455 33.294171 10.759766 13.195466  6.087682 -1.015938  0.963260  0.618452  1.180878  0.53480312E+04
  456 33.294254 10.760475 13.185459  6.083715 -1.021939  0.963231  0.618454  1.180887  0.53726941E+04
  457 33.294335 10.761180 13.175453  6.079749 -1.027939  0.963202  0.618457  1.180897  0.53973282E+04
  458 33.294415 10.761879 13.165446  6.075782 -1.033939  0.963174  0.618460  1.180907  0.54219389E+04
  459 33.294494 10.762572 13.155440  6.071816 -1.039938  0.963147  0.618463  1.180917  0.54465315E+04
  460 33.294571 10.763260 13.145434  6.067850 -1.045938  0.963121  0.618465  1.180928  0.54711112E+04
  461 33.294647 10.763943 13.135427  6.063884 -1.051938  0.963095  0.618468  1.180938  0.54956828E+04
  462 33.294722 10.764620 13.125421  6.059919 -1.057937  0.963070  0.618471  1.180949  0.55202513E+04
  463 33.294795 10.765292 13.115415  6.055953 -1.063937  0.963046  0.618474  1.180960  0.55448212E+04
  464 33.294867 10.765959 13.105409  6.051988 -1.069936  0.963022  0.618477  1.180971  0.55693970E+04
  465 33.294938 10.766621 13.095403  6.048023 -1.075935  0.962999  0.618481  1.180983  0.55939831E+04
  466 33.295008 10.767277 13.085397  6.044059 -1.081935  0.962977  0.618484  1.180994  0.56185838E+04
  467 33.295076 10.767928 13.075391  6.040094 -1.087934  0.962955  0.618487  1.181006  0.56432030E+04
  468 33.295144 10.768574 13.065385  6.036130 -1.093933  0.962933  0.618490  1.181019  0.56678448E+04
  469 33.295210 10.769216 13.055379  6.032166 -1.099931  0.962913  0.618494  1.181031  0.56925130E+04
  470 33.295275 10.769851 13.045373  6.028203 -1.105930  0.962892  0.618497  1.181044  0.57172112E+04
  471 33.295339 10.770482 13.035368  6.024239 -1.111929  0.962873  0.618501  1.181057  0.57419431E+04
  472 33.295402 10.771108 13.025362  6.020276 -1.117927  0.962854  0.618504  1.181070  0.57667122E+04
  473 33.295463 10.771729 13.015356  6.016313 -1.123926  0.962835  0.618508  1.181083  0.57915217E+04
  474 33.295524 10.772346 13.005351  6.012350 -1.129924  0.962817  0.618512  1.181097  0.58163749E+04
  475 33.295583 10.772957 12.995345  6.008388 -1.135922  0.962799  0.618516  1.181111  0.58412750E+04
  476 33.295642 10.773563 12.985340  6.004426 -1.141921  0.962782  0.618520  1.181125  0.58662250E+04
  477 33.295699 10.774165 12.975334  6.000464 -1.147919  0.962765  0.618524  1.181139  0.58912283E+04
  478 33.295756 10.774761 12.965329  5.996508 -1.153417  0.962749  0.619415  1.184392  0.59088679E+04
  479 33.295811 10.775352 12.955324  5.992558 -1.159422  0.962733  0.619424  1.184427  0.59340349E+04
  480 33.295866 10.775939 12.945319  5.988608 -1.165427  0.962717  0.619434  1.184462  0.59592643E+04
  481 33.295919 10.776521 12.935313  5.984658 -1.171431  0.962702  0.619443  1.184496  0.59845577E+04
  482 33.295972 10.777098 12.925308  5.980708 -1.177435  0.962688  0.619453  1.184531  0.60099167E+04
  483 33.296023 10.777671 12.915303  5.976758 -1.183439  0.962674  0.619462  1.184566  0.60353429E+04
  484 33.296074 10.778239 12.905298  5.972809 -1.189443  0.962660  0.619472  1.184601  0.60608377E+04
  485 33.296124 10.778803 12.895293  5.968859 -1.195446  0.962646  0.619481  1.184636  0.60864026E+04
  486 33.296173 10.779362 12.885288  5.964910 -1.201450  0.962633  0.619491  1.184671  0.61120391E+04
  487 33.296221 10.779916 12.875284  5.960961 -1.207453  0.962620  0.619501  1.184707  0.61377485E+04
  488 33.296268 10.780467 12.865279  5.957012 -1.213456  0.962608  0.619510  1.184742  0.61635325E+04
  489 33.296314 10.781012 12.855274  5.953064 -1.219459  0.962596  0.619520  1.184778  0.61893923E+04
  490 33.296360 10.781554 12.845269  5.949115 -1.225462  0.962584  0.619530  1.184814  0.62153347E+04
  491 33.296404 10.782091 12.835265  5.945167 -1.231464  0.962573  0.619540  1.184850  0.62413732E+04
  492 33.296448 10.782623 12.825260  5.941219 -1.237467  0.962562  0.619550  1.184887  0.62674893E+04
  493 33.296491 10.783152 12.815255  5.937272 -1.243469  0.962551  0.619560  1.184924  0.62936839E+04
  494 33.296534 10.783676 12.805251  5.933324 -1.249471  0.962540  0.619570  1.184961  0.63199580E+04
  495 33.296575 10.784196 12.795246  5.929377 -1.255473  0.962530  0.619580  1.184998  0.63463127E+04
  496 33.296616 10.784711 12.785242  5.925430 -1.261475  0.962520  0.619591  1.185036  0.63727493E+04
  497 33.296656 10.785223 12.775238  5.921484 -1.267477  0.962510  0.619601  1.185074  0.63992689E+04
  498 33.296695 10.785730 12.765233  5.917538 -1.273479  0.962501  0.619612  1.185113  0.64258731E+04
  499 33.296734 10.786233 12.755229  5.913592 -1.279481  0.962492  0.619622  1.185152  0.64525634E+04
  500 33.296771 10.786732 12.745225  5.909646 -1.285483  0.962483  0.619633  1.185191  0.64793413E+04
  501 33.296809 10.787228 12.735220  5.905701 -1.291484  0.962474  0.619644  1.185231  0.65062084E+04
  502 33.296845 10.787719 12.725216  5.901757 -1.297486  0.962466  0.619655  1.185272  0.65331665E+04
  503 33.296881 10.788206 12.715212  5.897812 -1.303487  0.962457  0.619666  1.185312  0.65602209E+04
  504 33.296916 10.788689 12.705208  5.893868 -1.309489  0.962449  0.619678  1.185354  0.65873729E+04
  505 33.296950 10.789168 12.695204  5.889924 -1.315490  0.962442  0.619689  1.185396  0.66146211E+04
  506 33.296984 10.789643 12.685200  5.885981 -1.321492  0.962434  0.619701  1.185438  0.66419669E+04
  507 33.297017 10.790114 12.675196  5.882038 -1.327493  0.962427  0.619712  1.185481  0.66694122E+04
  508 33.297050 10.790582 12.665192  5.878096 -1.333494  0.962420  0.619724  1.185524  0.66969586E+04
  509 33.297082 10.791046 12.655188  5.874154 -1.339495  0.962413  0.619736  1.185568  0.67246076E+04
  510 33.297113 10.791505 12.645184  5.870212 -1.345497  0.962406  0.619748  1.185613  0.67523609E+04
  511 33.297144 10.791961 12.635180  5.866271 -1.351498  0.962399  0.619761  1.185658  0.67802200E+04
  512 33.297174 10.792414 12.625176  5.862330 -1.357499  0.962393  0.619773  1.185703  0.68081863E+04
  513 33.297204 10.792862 12.615172  5.858389 -1.363500  0.962387  0.619786  1.185749  0.68362614E+04
  514 33.297233 10.793307 12.605169  5.854449 -1.369501  0.962381  0.619798  1.185796  0.68644464E+04
  515 33.297261 10.793749 12.595165  5.850509 -1.375501  0.962375  0.619811  1.185843  0.68927428E+04
  516 33.297289 10.794186 12.585161  5.846570 -1.381502  0.962369  0.619824  1.185891  0.69211494E+04
  517 33.297316 10.794620 12.575158  5.842631 -1.387503  0.962363  0.619838  1.185939  0.69496695E+04
  518 33.297343 10.795051 12.565154  5.838693 -1.393504  0.962358  0.619851  1.185988  0.69783045E+04
  519 33.297370 10.795478 12.555151  5.834755 -1.399504  0.962353  0.619864  1.186037  0.70070554E+04
  520 33.297396 10.795901 12.545147  5.830817 -1.405505  0.962348  0.619878  1.186087  0.70359234E+04
  521 33.297421 10.796321 12.535143  5.826880 -1.411505  0.962343  0.619892  1.186138  0.70649093E+04
  522 33.297446 10.796737 12.525140  5.822943 -1.417505  0.962338  0.619906  1.186189  0.70940139E+04
  523 33.297470 10.797150 12.515137  5.819006 -1.423506  0.962333  0.619920  1.186240  0.71232381E+04
  524 33.297494 10.797560 12.505133  5.815070 -1.429506  0.962329  0.619934  1.186293  0.71525827E+04
  525 33.297518 10.797966 12.495130  5.811134 -1.435506  0.962324  0.619949  1.186346  0.71820484E+04
  526 33.297541 10.798368 12.485126  5.807199 -1.441506  0.962320  0.619963  1.186399  0.72116357E+04
  527 33.297563 10.798768 12.475123  5.803264 -1.447506  0.962316  0.619978  1.186453  0.72413455E+04
  528 33.297586 10.799164 12.465120  5.799330 -1.453506  0.962312  0.619993  1.186508  0.72711777E+04
  529 33.297607 10.799557 12.455117  5.795396 -1.459505  0.962308  0.620008  1.186563  0.73011308E+04
  530 33.297629 10.799946 12.445113  5.791462 -1.465505  0.962304  0.620024  1.186620  0.73312084E+04
  531 33.297650 10.800332 12.435110  5.787529 -1.471505  0.962300  0.620039  1.186677  0.73614114E+04
  532 33.297670 10.800715 12.425107  5.783596 -1.477504  0.962296  0.620055  1.186734  0.73917404E+04
  533 33.297690 10.801095 12.415104  5.779664 -1.483504  0.962293  0.620071  1.186793  0.74221960E+04
  534 33.297710 10.801472 12.405101  5.775732 -1.489503  0.962289  0.620087  1.186852  0.74527789E+04
  535 33.297729 10.801845 12.395098  5.771801 -1.495502  0.962286  0.620103  1.186912  0.74834899E+04
  536 33.297748 10.802215 12.385095  5.767870 -1.501502  0.962283  0.620120  1.186973  0.75143295E+04
  537 33.297767 10.802583 12.375092  5.763940 -1.507501  0.962280  0.620137  1.187035  0.75452984E+04
  538 33.297785 10.802947 12.365089  5.760011 -1.513500  0.962277  0.620154  1.187098  0.75763974E+04
  539 33.297803 10.803308 12.355086  5.756081 -1.519499  0.962274  0.620171  1.187161  0.76076273E+04
  540 33.297820 10.803666 12.345083  5.752153 -1.525499  0.962271  0.620189  1.187226  0.76389886E+04
  541 33.297838 10.804021 12.335080  5.748225 -1.531498  0.962268  0.620207  1.187292  0.76704821E+04
  542 33.297854 10.804373 12.325077  5.744298 -1.537497  0.962265  0.620225  1.187359  0.77021087E+04
  543 33.297871 10.804722 12.315074  5.740371 -1.543496  0.962263  0.620244  1.187427  0.77338693E+04
  544 33.297887 10.805068 12.305071  5.736445 -1.549495  0.962260  0.620263  1.187496  0.77657650E+04
  545 33.297903 10.805412 12.295069  5.732519 -1.555495  0.962258  0.620282  1.187566  0.77977967E+04
  546 33.297918 10.805752 12.285066  5.728595 -1.561494  0.962255  0.620301  1.187637  0.78299656E+04
  547 33.297934 10.806090 12.275063  5.724671 -1.567493  0.962253  0.620321  1.187710  0.78622728E+04
  548 33.297949 10.806424 12.265060  5.720747 -1.573492  0.962251  0.620342  1.187784  0.78947195E+04
  549 33.297963 10.806756 12.255058  5.716824 -1.579492  0.962248  0.620362  1.187860  0.79273069E+04
  550 33.297978 10.807085 12.245055  5.712902 -1.585491  0.962246  0.620383  1.187936  0.79600364E+04
  551 33.297992 10.807411 12.235052  5.708981 -1.591491  0.962244  0.620404  1.188014  0.79929094E+04
  552 33.298005 10.807735 12.225050  5.705061 -1.597490  0.962242  0.620426  1.188094  0.80259273E+04
  553 33.298019 10.808055 12.215047  5.701141 -1.603490  0.962240  0.620448  1.188175  0.80590916E+04
  554 33.298032 10.808373 12.205045  5.697222 -1.609490  0.962238  0.620471  1.188257  0.80924021E+04
  555 33.298045 10.808689 12.195042  5.693304 -1.615490  0.962236  0.620493  1.188341  0.81258617E+04
  556 33.298058 10.809001 12.185040  5.689386 -1.621489  0.962234  0.620517  1.188426  0.81594723E+04
  557 33.298070 10.809311 12.175037  5.685470 -1.627489  0.962233  0.620540  1.188513  0.81932357E+04
  558 33.298083 10.809619 12.165035  5.681554 -1.633489  0.962231  0.620564  1.188601  0.82271533E+04
  559 33.298094 10.809923 12.155032  5.677639 -1.639490  0.962229  0.620589  1.188691  0.82612265E+04
  560 33.298106 10.810225 12.145030  5.673725 -1.645490  0.962228  0.620614  1.188783  0.82954567E+04
  561 33.298118 10.810525 12.135027  5.669812 -1.651490  0.962226  0.620639  1.188876  0.83298450E+04
  562 33.298129 10.810822 12.125025  5.665899 -1.657491  0.962225  0.620665  1.188971  0.83643926E+04
  563 33.298140 10.811116 12.115023  5.661987 -1.663491  0.962223  0.620691  1.189067  0.83991006E+04
  564 33.298151 10.811408 12.105020  5.658077 -1.669492  0.962222  0.620718  1.189165  0.84339696E+04
  565 33.298161 10.811698 12.095018  5.654167 -1.675492  0.962220  0.620745  1.189265  0.84690004E+04
  566 33.298172 10.811985 12.085016  5.650258 -1.681493  0.962219  0.620773  1.189366  0.85041935E+04
  567 33.298182 10.812269 12.075014  5.646349 -1.687494  0.962218  0.620801  1.189469  0.85395517E+04
  568 33.298192 10.812552 12.065011  5.642442 -1.693495  0.962216  0.620830  1.189574  0.85750728E+04
  569 33.298202 10.812831 12.055009  5.638535 -1.699496  0.962215  0.620859  1.189681  0.86107567E+04
  570 33.298211 10.813109 12.045007  5.634630 -1.705497  0.962214  0.620888  1.189789  0.86466034E+04
  571 33.298221 10.813383 12.035005  5.630725 -1.711499  0.962213  0.620918  1.189899  0.86826127E+04
  572 33.298230 10.813656 12.025003  5.626821 -1.717500  0.962212  0.620949  1.190011  0.87187846E+04
  573 33.298239 10.813926 12.015000  5.622918 -1.723502  0.962210  0.620980  1.190125  0.87551188E+04
  574 33.298247 10.814194 12.004998  5.619016 -1.729503  0.962209  0.621012  1.190241  0.87916150E+04
  575 33.298256 10.814460 11.994996  5.615115 -1.735505  0.962208  0.621044  1.190359  0.88282731E+04
  576 33.298265 10.814723 11.984994  5.611215 -1.741507  0.962207  0.621076  1.190479  0.88650927E+04
  577 33.298273 10.814984 11.974992  5.607315 -1.747509  0.962206  0.621109  1.190601  0.89020737E+04
  578 33.298281 10.815243 11.964990  5.603417 -1.753511  0.962205  0.621143  1.190725  0.89392158E+04
  579 33.298289 10.815500 11.954988  5.599520 -1.759513  0.962205  0.621178  1.190851  0.89765190E+04
  580 33.298297 10.815754 11.944986  5.595624 -1.765515  0.962204  0.621212  1.190979  0.90139833E+04
  581 33.298304 10.816006 11.934984  5.591729 -1.771518  0.962203  0.621248  1.191110  0.90516085E+04
  582 33.298312 10.816256 11.924982  5.587835 -1.777521  0.962202  0.621284  1.191243  0.90893945E+04
  583 33.298319 10.816504 11.914980  5.583942 -1.783524  0.962201  0.621321  1.191378  0.91273412E+04
  584 33.298326 10.816750 11.904978  5.580050 -1.789527  0.962200  0.621359  1.191516  0.91654489E+04
  585 33.298333 10.816994 11.894976  5.576159 -1.795530  0.962200  0.621397  1.191656  0.92037177E+04
  586 33.298340 10.817235 11.884974  5.572270 -1.801534  0.962199  0.621436  1.191799  0.92421476E+04
  587 33.298347 10.817474 11.874973  5.568381 -1.807538  0.962198  0.621475  1.191944  0.92807390E+04
  588 33.298353 10.817712 11.864971  5.564494 -1.813542  0.962197  0.621515  1.192093  0.93194920E+04
  589 33.298360 10.817947 11.854969  5.560609 -1.819546  0.962197  0.621557  1.192244  0.93584069E+04
  590 33.298366 10.818180 11.844967  5.556724 -1.825551  0.962196  0.621598  1.192397  0.93974851E+04
  591 33.298372 10.818412 11.834965  5.552841 -1.831556  0.962195  0.621641  1.192554  0.94367261E+04
  592 33.298378 10.818641 11.824964  5.548959 -1.837561  0.962195  0.621684  1.192714  0.94761297E+04
  593 33.298384 10.818868 11.814962  5.545079 -1.843567  0.962194  0.621729  1.192877  0.95156962E+04
  594 33.298390 10.819094 11.804960  5.541200 -1.849573  0.962194  0.621774  1.193043  0.95554260E+04
  595 33.298396 10.819317 11.794958  5.537322 -1.855580  0.962193  0.621820  1.193212  0.95953194E+04
  596 33.298401 10.819538 11.784957  5.533446 -1.861586  0.962192  0.621867  1.193384  0.96353765E+04
  597 33.298407 10.819758 11.774955  5.529571 -1.867594  0.962192  0.621914  1.193560  0.96755978E+04
  598 33.298412 10.819975 11.764953  5.525698 -1.873601  0.962191  0.621963  1.193740  0.97159834E+04
  599 33.298417 10.820191 11.754952  5.521826 -1.879610  0.962191  0.622013  1.193923  0.97565337E+04
  600 33.298423 10.820405 11.744950  5.517956 -1.885618  0.962190  0.622064  1.194109  0.97972489E+04
  601 33.298428 10.820617 11.734948  5.514088 -1.891627  0.962190  0.622115  1.194300  0.98381292E+04
  602 33.298432 10.820827 11.724947  5.510222 -1.897637  0.962189  0.622168  1.194494  0.98791750E+04
  603 33.298437 10.821035 11.714945  5.506357 -1.903647  0.962189  0.622222  1.194692  0.99203863E+04
  604 33.298442 10.821242 11.704943  5.502493 -1.909658  0.962189  0.622277  1.194894  0.99617635E+04
  605 33.298447 10.821447 11.694942  5.498632 -1.915669  0.962188  0.622332  1.195100  0.10003307E+05
  606 33.298451 10.821650 11.684940  5.494772 -1.921681  0.962188  0.622390  1.195310  0.10045017E+05
  607 33.298455 10.821851 11.674939  5.490915 -1.927694  0.962187  0.622448  1.195525  0.10086893E+05
  608 33.298460 10.822050 11.664937  5.487059 -1.933707  0.962187  0.622507  1.195744  0.10128936E+05
  609 33.298464 10.822248 11.654936  5.483205 -1.939721  0.962187  0.622568  1.195968  0.10171147E+05
  610 33.298468 10.822444 11.644934  5.479353 -1.945735  0.962186  0.622630  1.196196  0.10213525E+05
  611 33.298472 10.822638 11.634933  5.475503 -1.951751  0.962186  0.622693  1.196429  0.10256071E+05
  612 33.298476 10.822831 11.624931  5.471655 -1.957767  0.962185  0.622757  1.196666  0.10298786E+05
  613 33.298480 10.823022 11.614930  5.467809 -1.963784  0.962185  0.622823  1.196909  0.10341669E+05
  614 33.298484 10.823211 11.604928  5.463966 -1.969801  0.962185  0.622890  1.197156  0.10384722E+05
  615 33.298488 10.823398 11.594927  5.460124 -1.975820  0.962184  0.622958  1.197408  0.10427945E+05
  616 33.298491 10.823584 11.584926  5.456285 -1.981839  0.962184  0.623028  1.197666  0.10471338E+05
  617 33.298495 10.823769 11.574924  5.452448 -1.987859  0.962184  0.623099  1.197929  0.10514903E+05
  618 33.298498 10.823951 11.564923  5.448613 -1.993880  0.962184  0.623172  1.198198  0.10558639E+05
  619 33.298502 10.824133 11.554922  5.444781 -1.999902  0.962183  0.623246  1.198471  0.10602549E+05
  620 33.298505 10.824312 11.544920  5.440951 -2.005925  0.962183  0.623322  1.198751  0.10646631E+05
  621 33.298508 10.824490 11.534919  5.437123 -2.011949  0.962183  0.623399  1.199036  0.10690889E+05
  622 33.298512 10.824667 11.524917  5.433298 -2.017974  0.962183  0.623477  1.199327  0.10735322E+05
  623 33.298515 10.824842 11.514916  5.429476 -2.024000  0.962182  0.623558  1.199624  0.10779931E+05
  624 33.298518 10.825015 11.504915  5.425655 -2.030027  0.962182  0.623640  1.199927  0.10824718E+05
  625 33.298521 10.825187 11.494914  5.421838 -2.036055  0.962182  0.623723  1.200236  0.10869684E+05
  626 33.298524 10.825357 11.484912  5.418023 -2.042084  0.962182  0.623808  1.200552  0.10914829E+05
  627 33.298527 10.825526 11.474911  5.414211 -2.048114  0.962181  0.623895  1.200873  0.10960156E+05
  628 33.298529 10.825693 11.464910  5.410401 -2.054146  0.962181  0.623984  1.201201  0.11005664E+05
  629 33.298532 10.825859 11.454909  5.406594 -2.060178  0.962181  0.624074  1.201536  0.11051356E+05
  630 33.298535 10.826024 11.444907  5.402790 -2.066212  0.962181  0.624166  1.201877  0.11097232E+05
  631 33.298538 10.826187 11.434906  5.398989 -2.072247  0.962181  0.624260  1.202225  0.11143293E+05
  632 33.298540 10.826349 11.424905  5.395190 -2.078283  0.962180  0.624356  1.202580  0.11189541E+05
  633 33.298543 10.826509 11.414904  5.391394 -2.084321  0.962180  0.624453  1.202941  0.11235975E+05
  634 33.298545 10.826668 11.404903  5.387602 -2.090360  0.962180  0.624553  1.203310  0.11282597E+05
  635 33.298548 10.826825 11.394901  5.383812 -2.096400  0.962180  0.624654  1.203686  0.11329407E+05
  636 33.298550 10.826981 11.384900  5.380025 -2.102441  0.962180  0.624757  1.204069  0.11376405E+05
  637 33.298552 10.827136 11.374899  5.376241 -2.108484  0.962180  0.624862  1.204459  0.11423591E+05
  638 33.298555 10.827289 11.364898  5.372460 -2.114529  0.962179  0.624969  1.204857  0.11470966E+05
  639 33.298557 10.827441 11.354897  5.368683 -2.120574  0.962179  0.625078  1.205262  0.11518529E+05
  640 33.298559 10.827592 11.344896  5.364908 -2.126621  0.962179  0.625189  1.205675  0.11566280E+05
  641 33.298561 10.827741 11.334895  5.361137 -2.132670  0.962179  0.625302  1.206095  0.11614217E+05
  642 33.298563 10.827889 11.324894  5.357369 -2.138720  0.962179  0.625418  1.206523  0.11662340E+05
  643 33.298565 10.828036 11.314892  5.353604 -2.144772  0.962179  0.625535  1.206960  0.11710648E+05
  644 33.298567 10.828182 11.304891  5.349842 -2.150825  0.962179  0.625654  1.207404  0.11759139E+05
  645 33.298569 10.828326 11.294890  5.346084 -2.156880  0.962178  0.625776  1.207856  0.11807813E+05
  646 33.298571 10.828469 11.284889  5.342329 -2.162937  0.962178  0.625899  1.208317  0.11856666E+05
  647 33.298573 10.828610 11.274888  5.338578 -2.168995  0.962178  0.626025  1.208786  0.11905698E+05
  648 33.298575 10.828751 11.264887  5.334830 -2.175056  0.962178  0.626154  1.209264  0.11954906E+05
  649 33.298576 10.828831 11.259126  5.332672 -2.178548  0.962178  0.626228  1.209543  0.11983334E+05
