# DMESTAR Mass Track Snapshot
#
# Model Number:    450  Age (Myr):     43.594
#  Mass (Msun):  1.000 Fe/H (dex):   0.05
#
#---------
   16  377
    1 28.361093  8.613536 17.164926  7.135901  1.898396  0.000179  0.618727  1.181012  0.69532142-309
    2 28.411093  8.630203 17.164891  7.135887  1.898375  0.000201  0.618727  1.181012  0.69532142-309
    3 28.461093  8.646871 17.164854  7.135872  1.898352  0.000226  0.618727  1.181012  0.69532142-309
    4 28.511093  8.663539 17.164813  7.135856  1.898328  0.000253  0.618727  1.181012  0.69532142-309
    5 28.561093  8.680208 17.164769  7.135838  1.898301  0.000284  0.618727  1.181012  0.69532142-309
    6 28.611093  8.696878 17.164721  7.135819  1.898273  0.000319  0.618727  1.181012  0.69532142-309
    7 28.661093  8.713549 17.164670  7.135799  1.898242  0.000358  0.618727  1.181012  0.69532142-309
    8 28.711093  8.730220 17.164614  7.135777  1.898209  0.000401  0.618727  1.181012  0.69532142-309
    9 28.761093  8.746893 17.164554  7.135753  1.898173  0.000450  0.618727  1.181012  0.69532142-309
   10 28.811093  8.763565 17.164489  7.135728  1.898134  0.000505  0.618727  1.181012  0.69532142-309
   11 28.861093  8.780239 17.164419  7.135700  1.898092  0.000566  0.618727  1.181012  0.69532142-309
   12 28.911093  8.796914 17.164344  7.135670  1.898046  0.000635  0.618727  1.181012  0.69532142-309
   13 28.961093  8.813589 17.164262  7.135638  1.897997  0.000712  0.618727  1.181012  0.69532142-309
   14 29.011093  8.830265 17.164174  7.135603  1.897945  0.000798  0.618727  1.181012  0.69532142-309
   15 29.061093  8.846943 17.164079  7.135565  1.897887  0.000895  0.618727  1.181012  0.69532142-309
   16 29.111093  8.863621 17.163977  7.135524  1.897826  0.001004  0.618727  1.181012  0.69532142-309
   17 29.161093  8.880300 17.163866  7.135480  1.897759  0.001125  0.618727  1.181012  0.69532142-309
   18 29.211093  8.896981 17.163746  7.135433  1.897687  0.001261  0.618727  1.181012  0.69532142-309
   19 29.261093  8.913662 17.163617  7.135382  1.897610  0.001414  0.618727  1.181012  0.69532142-309
   20 29.311093  8.930345 17.163477  7.135326  1.897526  0.001584  0.618727  1.181012  0.69532142-309
   21 29.361093  8.947030 17.163326  7.135266  1.897435  0.001776  0.618727  1.181012  0.69532142-309
   22 29.411093  8.963715 17.163163  7.135202  1.897337  0.001990  0.618727  1.181012  0.69532142-309
   23 29.461093  8.980403 17.162987  7.135132  1.897232  0.002229  0.618727  1.181012  0.69532142-309
   24 29.511093  8.997092 17.162797  7.135057  1.897118  0.002497  0.618727  1.181012  0.69532142-309
   25 29.561093  9.013783 17.162592  7.134976  1.896994  0.002797  0.618727  1.181012  0.69532142-309
   26 29.611093  9.030476 17.162370  7.134888  1.896861  0.003133  0.618727  1.181012  0.69532142-309
   27 29.661093  9.047171 17.162131  7.134793  1.896718  0.003508  0.618727  1.181012  0.69532142-309
   28 29.711093  9.063869 17.161872  7.134690  1.896562  0.003928  0.618727  1.181012  0.69532142-309
   29 29.761093  9.080569 17.161593  7.134580  1.896395  0.004397  0.618727  1.181012  0.69532142-309
   30 29.811093  9.097272 17.161291  7.134460  1.896213  0.004921  0.618727  1.181012  0.69532142-309
   31 29.861093  9.113977 17.160966  7.134331  1.896018  0.005506  0.618727  1.181012  0.69532142-309
   32 29.911093  9.130686 17.160614  7.134192  1.895806  0.006160  0.618727  1.181012  0.69532142-309
   33 29.961093  9.147398 17.160233  7.134041  1.895578  0.006890  0.618727  1.181012  0.69532142-309
   34 30.011093  9.164114 17.159823  7.133878  1.895331  0.007704  0.618727  1.181012  0.69532142-309
   35 30.061093  9.180834 17.159379  7.133702  1.895065  0.008612  0.618727  1.181012  0.69532142-309
   36 30.111093  9.197558 17.158899  7.133512  1.894777  0.009625  0.618727  1.181012  0.69532142-309
   37 30.161093  9.214287 17.158381  7.133307  1.894466  0.010753  0.618727  1.181012  0.69532142-309
   38 30.211093  9.231020 17.157822  7.133085  1.894130  0.012009  0.618727  1.181012  0.69532142-309
   39 30.261093  9.247760 17.157217  7.132845  1.893767  0.013407  0.618727  1.181012  0.69532142-309
   40 30.311093  9.264505 17.156563  7.132586  1.893374  0.014963  0.618727  1.181012  0.69532142-309
   41 30.361093  9.281256 17.155857  7.132306  1.892950  0.016691  0.618727  1.181012  0.69532142-309
   42 30.411093  9.298014 17.155094  7.132004  1.892492  0.018610  0.618727  1.181012  0.69532142-309
   43 30.461093  9.314780 17.154269  7.131677  1.891997  0.020740  0.618727  1.181012  0.69532142-309
   44 30.511093  9.331553 17.153377  7.131324  1.891461  0.023102  0.618727  1.181012  0.69532142-309
   45 30.561093  9.348335 17.152413  7.130942  1.890883  0.025718  0.618727  1.181012  0.69532142-309
   46 30.611093  9.365127 17.151371  7.130529  1.890257  0.028613  0.618727  1.181012  0.69532142-309
   47 30.661093  9.381928 17.150245  7.130082  1.889581  0.031812  0.618727  1.181012  0.69532142-309
   48 30.711093  9.398741 17.149027  7.129600  1.888849  0.035344  0.618727  1.181012  0.69532142-309
   49 30.761093  9.415565 17.147709  7.129078  1.888058  0.039239  0.618727  1.181012  0.69532142-309
   50 30.811093  9.432402 17.146285  7.128513  1.887203  0.043528  0.618727  1.181012  0.69532142-309
   51 30.861093  9.449254 17.144743  7.127902  1.886277  0.048242  0.618727  1.181012  0.69532142-309
   52 30.911093  9.466120 17.143076  7.127241  1.885276  0.053418  0.618727  1.181012  0.69532142-309
   53 30.961093  9.483002 17.141272  7.126526  1.884193  0.059089  0.618727  1.181012  0.69532142-309
   54 31.011093  9.499902 17.139320  7.125753  1.883021  0.065292  0.618727  1.181012  0.69532142-309
   55 31.061093  9.516821 17.137206  7.124915  1.881752  0.072063  0.618727  1.181012  0.69532142-309
   56 31.111093  9.533761 17.134918  7.124008  1.880378  0.079437  0.618727  1.181012  0.69532142-309
   57 31.161093  9.550724 17.132440  7.123026  1.878890  0.087451  0.618727  1.181012  0.69532142-309
   58 31.211093  9.567711 17.129757  7.121963  1.877279  0.096138  0.618727  1.181012  0.69532142-309
   59 31.261093  9.584724 17.126849  7.120811  1.875533  0.105529  0.618727  1.181012  0.69532142-309
   60 31.311093  9.601767 17.123698  7.119562  1.873641  0.115653  0.618727  1.181012  0.69532142-309
   61 31.361093  9.618840 17.120283  7.118208  1.871591  0.126532  0.618727  1.181012  0.69532142-309
   62 31.411093  9.635948 17.116578  7.116740  1.869367  0.138185  0.618727  1.181012  0.69532142-309
   63 31.461093  9.653093 17.112560  7.115148  1.866954  0.150622  0.618727  1.181012  0.69532142-309
   64 31.511093  9.670278 17.108199  7.113419  1.864336  0.163846  0.618727  1.181012  0.69532142-309
   65 31.561093  9.687507 17.103464  7.111543  1.861493  0.177850  0.618727  1.181012  0.69532142-309
   66 31.608695  9.703954 17.098577  7.109606  1.858559  0.191892  0.618727  1.181012  0.69532142-309
   67 31.654185  9.719715 17.093532  7.107607  1.855530  0.205935  0.618727  1.181012  0.69532142-309
   68 31.697909  9.734909 17.088306  7.105536  1.852393  0.219978  0.618727  1.181012  0.69532142-309
   69 31.740158  9.749634 17.082878  7.103384  1.849134  0.234021  0.618727  1.181012  0.69532142-309
   70 31.781177  9.763976 17.077222  7.101143  1.845739  0.248065  0.618727  1.181012  0.69532142-309
   71 31.821180  9.778008 17.071311  7.098800  1.842190  0.262110  0.618727  1.181012  0.69532142-309
   72 31.860358  9.791798 17.065114  7.096344  1.838470  0.276155  0.618727  1.181012  0.69532142-309
   73 31.898881  9.805406 17.058595  7.093761  1.834557  0.290201  0.618727  1.181012  0.69532142-309
   74 31.936907  9.818890 17.051716  7.091035  1.830427  0.304248  0.618727  1.181012  0.69532142-309
   75 31.974583  9.832305 17.044430  7.088147  1.826053  0.318295  0.618727  1.181012  0.69532142-309
   76 32.012051  9.845702 17.036682  7.085077  1.821403  0.332344  0.618727  1.181012  0.69532142-309
   77 32.049450  9.859137 17.028411  7.081799  1.816438  0.346394  0.618727  1.181012  0.69532142-309
   78 32.061629  9.863526 17.025595  7.080683  1.814747  0.350967  0.618727  1.181012  0.00000000E+00
   79 32.099142  9.877091 17.016515  7.077132  1.809250  0.365018  0.618727  1.181012  0.00000000E+00
   80 32.136866  9.890810 17.006727  7.073398  1.803232  0.379070  0.618727  1.181012  0.00000000E+00
   81 32.168309  9.902310 16.998029  7.070148  1.797797  0.393206  0.618700  1.180973  0.00000000E+00
   82 32.194725  9.912022 16.990313  7.067299  1.792945  0.407368  0.618680  1.180943  0.00000000E+00
   83 32.220389  9.921505 16.982436  7.064415  1.787971  0.421454  0.618662  1.180917  0.00000000E+00
   84 32.245639  9.930883 16.974299  7.061458  1.782807  0.435519  0.618640  1.180886  0.00000000E+00
   85 32.270556  9.940187 16.965870  7.058420  1.777422  0.449569  0.618600  1.180827  0.00000000E+00
   86 32.295180  9.949433 16.957127  7.055292  1.771826  0.463608  0.618578  1.180796  0.00000000E+00
   87 32.319569  9.958644 16.948038  7.052067  1.765991  0.477639  0.618568  1.180780  0.00000000E+00
   88 32.343779  9.967844 16.938567  7.048732  1.759888  0.491666  0.618559  1.180767  0.00000000E+00
   89 32.367874  9.977059 16.928671  7.045275  1.753484  0.505691  0.618551  1.180755  0.00000000E+00
   90 32.391082  9.985995 16.918667  7.041807  1.746984  0.519226  0.618543  1.180744  0.00000000E+00
   91 32.413230  9.994579 16.908664  7.038365  1.740459  0.532123  0.618535  1.180733  0.00000000E+00
   92 32.434400 10.002839 16.898661  7.034949  1.733910  0.544386  0.618529  1.180723  0.00000000E+00
   93 32.454664 10.010800 16.888658  7.031557  1.727337  0.556012  0.618523  1.180715  0.00000000E+00
   94 32.474087 10.018483 16.878654  7.028189  1.720740  0.566996  0.618518  1.180707  0.00000000E+00
   95 32.492728 10.025908 16.868651  7.024845  1.714121  0.577335  0.618513  1.180700  0.00000000E+00
   96 32.510640 10.033091 16.858648  7.021524  1.707478  0.587024  0.618508  1.180693  0.00000000E+00
   97 32.527870 10.040049 16.848645  7.018226  1.700813  0.596064  0.618503  1.180686  0.00000000E+00
   98 32.544461 10.046795 16.838642  7.014953  1.694124  0.604461  0.618498  1.180680  0.00000000E+00
   99 32.560452 10.053344 16.828639  7.011703  1.687411  0.612228  0.618494  1.180673  0.00000000E+00
  100 32.575879 10.059706 16.818636  7.008477  1.680674  0.619386  0.618489  1.180666  0.00000000E+00
  101 32.590774 10.065893 16.808633  7.005276  1.673914  0.625963  0.618485  1.180660  0.00000000E+00
  102 32.605168 10.071915 16.798630  7.002099  1.667129  0.631992  0.618480  1.180653  0.00000000E+00
  103 32.619088 10.077780 16.788628  6.998947  1.660319  0.637513  0.618476  1.180647  0.00000000E+00
  104 32.632559 10.083497 16.778625  6.995820  1.653485  0.642564  0.618472  1.180641  0.00000000E+00
  105 32.645605 10.089075 16.768622  6.992717  1.646626  0.647186  0.618467  1.180634  0.00000000E+00
  106 32.658248 10.094520 16.758619  6.989639  1.639743  0.651417  0.618463  1.180628  0.00000000E+00
  107 32.670507 10.099838 16.748617  6.986585  1.632836  0.655296  0.618459  1.180622  0.00000000E+00
  108 32.682401 10.105037 16.738614  6.983555  1.625905  0.658858  0.618455  1.180616  0.00000000E+00
  109 32.693947 10.110122 16.728611  6.980549  1.618951  0.662134  0.618451  1.180610  0.00000000E+00
  110 32.705163 10.115097 16.718609  6.977567  1.611973  0.665153  0.618447  1.180605  0.00000000E+00
  111 32.716062 10.119970 16.708606  6.974608  1.604971  0.667942  0.618443  1.180599  0.00000000E+00
  112 32.726659 10.124743 16.698604  6.971672  1.597947  0.670522  0.618440  1.180594  0.00000000E+00
  113 32.736967 10.129421 16.688601  6.968758  1.590901  0.672915  0.618436  1.180589  0.00000000E+00
  114 32.746999 10.134009 16.678599  6.965866  1.583833  0.675138  0.618433  1.180584  0.00000000E+00
  115 32.756765 10.138511 16.668597  6.962995  1.576743  0.677206  0.618429  1.180579  0.00000000E+00
  116 32.766278 10.142929 16.658594  6.960146  1.569632  0.679134  0.618426  1.180575  0.00000000E+00
  117 32.775547 10.147268 16.648592  6.957318  1.562501  0.680933  0.618423  1.180571  0.00000000E+00
  118 32.784582 10.151531 16.638590  6.954509  1.555349  0.682614  0.618420  1.180566  0.00000000E+00
  119 32.793392 10.155720 16.628588  6.951721  1.548178  0.684187  0.618418  1.180562  0.00000000E+00
  120 32.801986 10.159839 16.618586  6.948952  1.540987  0.685658  0.618415  1.180558  0.00000000E+00
  121 32.810372 10.163889 16.608584  6.946201  1.533777  0.687037  0.618412  1.180555  0.00000000E+00
  122 32.818558 10.167875 16.598582  6.943470  1.526549  0.688330  0.618410  1.180551  0.00000000E+00
  123 32.826550 10.171798 16.588579  6.940756  1.519302  0.689542  0.618407  1.180548  0.00000000E+00
  124 32.834357 10.175660 16.578577  6.938060  1.512037  0.690679  0.618405  1.180544  0.00000000E+00
  125 32.841984 10.179464 16.568576  6.935382  1.504755  0.691746  0.618403  1.180541  0.00000000E+00
  126 32.849437 10.183212 16.558574  6.932721  1.497456  0.692747  0.618401  1.180538  0.00000000E+00
  127 32.856724 10.186905 16.548572  6.930076  1.490140  0.693687  0.618399  1.180535  0.00000000E+00
  128 32.863848 10.190546 16.538570  6.927447  1.482807  0.694569  0.618397  1.180532  0.00000000E+00
  129 32.870817 10.194136 16.528568  6.924835  1.475459  0.695396  0.618395  1.180530  0.00000000E+00
  130 32.877634 10.197677 16.518566  6.922238  1.468094  0.696173  0.618393  1.180527  0.00000000E+00
  131 32.884305 10.201170 16.508564  6.919657  1.460714  0.696901  0.618392  1.180525  0.00000000E+00
  132 32.890834 10.204618 16.498563  6.917091  1.453318  0.697585  0.618390  1.180522  0.00000000E+00
  133 32.897226 10.208021 16.488561  6.914539  1.445908  0.698225  0.618388  1.180520  0.00000000E+00
  134 32.903485 10.211381 16.478559  6.912002  1.438483  0.698825  0.618387  1.180518  0.00000000E+00
  135 32.909615 10.214700 16.468558  6.909479  1.431044  0.699387  0.618385  1.180516  0.00000000E+00
  136 32.915621 10.217978 16.458556  6.906970  1.423590  0.699914  0.618384  1.180514  0.00000000E+00
  137 32.921505 10.221217 16.448555  6.904474  1.416122  0.700406  0.618383  1.180512  0.00000000E+00
  138 32.927271 10.224417 16.438553  6.901992  1.408641  0.700866  0.618381  1.180510  0.00000000E+00
  139 32.932923 10.227581 16.428552  6.899523  1.401147  0.701297  0.618380  1.180508  0.00000000E+00
  140 32.938464 10.230709 16.418550  6.897067  1.393639  0.701698  0.618379  1.180506  0.00000000E+00
  141 32.943898 10.233802 16.408549  6.894623  1.386120  0.702073  0.618378  1.180505  0.00000000E+00
  142 32.949226 10.236861 16.398547  6.892190  1.378588  0.702423  0.618377  1.180503  0.00000000E+00
  143 32.954453 10.239888 16.388546  6.889769  1.371044  0.702748  0.618376  1.180501  0.00000000E+00
  144 32.959580 10.242882 16.378544  6.887359  1.363489  0.703051  0.618375  1.180500  0.00000000E+00
  145 32.964611 10.245845 16.368543  6.884960  1.355923  0.703332  0.618374  1.180499  0.00000000E+00
  146 32.969548 10.248778 16.358542  6.882572  1.348345  0.703594  0.618373  1.180497  0.00000000E+00
  147 32.974394 10.251681 16.348541  6.880195  1.340756  0.703836  0.618372  1.180496  0.00000000E+00
  148 32.979151 10.254556 16.338539  6.877828  1.333157  0.704060  0.618371  1.180495  0.00000000E+00
  149 32.983821 10.257402 16.328538  6.875471  1.325547  0.704267  0.618370  1.180493  0.00000000E+00
  150 32.988407 10.260221 16.318537  6.873124  1.317927  0.704458  0.618369  1.180492  0.00000000E+00
  151 32.992910 10.263014 16.308536  6.870787  1.310296  0.704634  0.618368  1.180491  0.00000000E+00
  152 32.997333 10.265781 16.298535  6.868460  1.302656  0.704796  0.618368  1.180490  0.00000000E+00
  153 33.001678 10.268522 16.288534  6.866142  1.295006  0.704944  0.618367  1.180489  0.00000000E+00
  154 33.005946 10.271239 16.278533  6.863833  1.287346  0.705079  0.618366  1.180488  0.00000000E+00
  155 33.010140 10.273932 16.268531  6.861534  1.279676  0.705203  0.618365  1.180487  0.00000000E+00
  156 33.014261 10.276601 16.258530  6.859243  1.271998  0.705315  0.618365  1.180486  0.00000000E+00
  157 33.018312 10.279247 16.248529  6.856962  1.264310  0.705417  0.618364  1.180485  0.00000000E+00
  158 33.022293 10.281871 16.238529  6.854688  1.256613  0.705509  0.618363  1.180484  0.00000000E+00
  159 33.026206 10.284473 16.228528  6.852424  1.248908  0.705591  0.618363  1.180483  0.00000000E+00
  160 33.030054 10.287054 16.218527  6.850167  1.241194  0.705664  0.618362  1.180482  0.00000000E+00
  161 33.033836 10.289614 16.208526  6.847919  1.233471  0.705730  0.618362  1.180481  0.00000000E+00
  162 33.037556 10.292153 16.198525  6.845679  1.225740  0.705787  0.618361  1.180480  0.00000000E+00
  163 33.041214 10.294673 16.188524  6.843446  1.218001  0.705837  0.618361  1.180480  0.00000000E+00
  164 33.044811 10.297173 16.178523  6.841221  1.210253  0.705880  0.618360  1.180479  0.00000000E+00
  165 33.048350 10.299654 16.168523  6.839004  1.202498  0.705917  0.618360  1.180478  0.00000000E+00
  166 33.051831 10.302116 16.158522  6.836794  1.194735  0.705948  0.618359  1.180477  0.00000000E+00
  167 33.055256 10.304560 16.148521  6.834592  1.186964  0.705973  0.618359  1.180477  0.00000000E+00
  168 33.058625 10.306986 16.138520  6.832396  1.179186  0.705992  0.618358  1.180476  0.00000000E+00
  169 33.061941 10.309394 16.128520  6.830208  1.171401  0.706007  0.618358  1.180475  0.00000000E+00
  170 33.065203 10.311786 16.118519  6.828026  1.163608  0.706017  0.618357  1.180475  0.00000000E+00
  171 33.068414 10.314160 16.108518  6.825852  1.155808  0.706023  0.618357  1.180474  0.00000000E+00
  172 33.071574 10.316519 16.098518  6.823683  1.148001  0.706024  0.618356  1.180473  0.00000000E+00
  173 33.074685 10.318861 16.088517  6.821522  1.140187  0.706022  0.618356  1.180473  0.00000000E+00
  174 33.077747 10.321187 16.078517  6.819367  1.132366  0.706016  0.618355  1.180472  0.00000000E+00
  175 33.080761 10.323498 16.068516  6.817218  1.124539  0.706007  0.618355  1.180472  0.00000000E+00
  176 33.083729 10.325793 16.058516  6.815075  1.116705  0.705995  0.618355  1.180471  0.00000000E+00
  177 33.086651 10.328074 16.048515  6.812938  1.108865  0.705980  0.618354  1.180471  0.00000000E+00
  178 33.089528 10.330340 16.038515  6.810808  1.101018  0.705963  0.618354  1.180470  0.00000000E+00
  179 33.092362 10.332592 16.028514  6.808683  1.093165  0.705943  0.618354  1.180470  0.00000000E+00
  180 33.095152 10.334830 16.018514  6.806564  1.085306  0.705920  0.618353  1.180469  0.00000000E+00
  181 33.097900 10.337054 16.008514  6.804450  1.077441  0.705896  0.618353  1.180469  0.00000000E+00
  182 33.100607 10.339265 15.998513  6.802342  1.069571  0.705870  0.618353  1.180468  0.00000000E+00
  183 33.103273 10.341462 15.988513  6.800239  1.061694  0.705842  0.618352  1.180468  0.00000000E+00
  184 33.105900 10.343647 15.978513  6.798142  1.053812  0.705812  0.618352  1.180467  0.00000000E+00
  185 33.108487 10.345818 15.968512  6.796050  1.045924  0.705781  0.618352  1.180467  0.00000000E+00
  186 33.111036 10.347978 15.958512  6.793963  1.038031  0.705749  0.618351  1.180466  0.00000000E+00
  187 33.113548 10.350124 15.948512  6.791880  1.030133  0.705715  0.618351  1.180466  0.00000000E+00
  188 33.116022 10.352259 15.938512  6.789802  1.022230  0.705680  0.618351  1.180466  0.00000000E+00
  189 33.118461 10.354382 15.928512  6.787729  1.014322  0.705645  0.618350  1.180465  0.00000000E+00
  190 33.120864 10.356493 15.918511  6.785661  1.006409  0.705608  0.618350  1.180465  0.00000000E+00
  191 33.123232 10.358593 15.908511  6.783597  0.998491  0.705571  0.618350  1.180464  0.00000000E+00
  192 33.125566 10.360681 15.898511  6.781538  0.990568  0.705532  0.618349  1.180464  0.00000000E+00
  193 33.127866 10.362759 15.888511  6.779483  0.982640  0.705494  0.618349  1.180464  0.00000000E+00
  194 33.130133 10.364825 15.878511  6.777432  0.974708  0.705454  0.618349  1.180463  0.00000000E+00
  195 33.132368 10.366881 15.868511  6.775385  0.966772  0.705415  0.618349  1.180463  0.00000000E+00
  196 33.134571 10.368926 15.858511  6.773342  0.958831  0.705374  0.618348  1.180463  0.00000000E+00
  197 33.136742 10.370961 15.848511  6.771303  0.950886  0.705334  0.618348  1.180462  0.00000000E+00
  198 33.138883 10.372985 15.838511  6.769268  0.942937  0.705293  0.618348  1.180462  0.00000000E+00
  199 33.140993 10.375000 15.828511  6.767237  0.934983  0.705252  0.618348  1.180462  0.00000000E+00
  200 33.143074 10.377005 15.818511  6.765210  0.927026  0.705211  0.618347  1.180461  0.00000000E+00
  201 33.145126 10.379000 15.808511  6.763186  0.919064  0.705170  0.618347  1.180461  0.00000000E+00
  202 33.147149 10.380985 15.798511  6.761166  0.911099  0.705129  0.618347  1.180461  0.00000000E+00
  203 33.149144 10.382962 15.788511  6.759150  0.903130  0.705087  0.618347  1.180460  0.00000000E+00
  204 33.151111 10.384928 15.778512  6.757137  0.895157  0.705046  0.618347  1.180460  0.00000000E+00
  205 33.153051 10.386886 15.768512  6.755127  0.887180  0.705005  0.618346  1.180460  0.00000000E+00
  206 33.154964 10.388835 15.758512  6.753120  0.879200  0.704964  0.618346  1.180459  0.00000000E+00
  207 33.156851 10.390775 15.748512  6.751117  0.871217  0.704923  0.618346  1.180459  0.00000000E+00
  208 33.158711 10.392706 15.738512  6.749117  0.863230  0.704882  0.618346  1.180459  0.00000000E+00
  209 33.160547 10.394629 15.728513  6.747119  0.855239  0.704842  0.618345  1.180459  0.00000000E+00
  210 33.162357 10.396543 15.718513  6.745125  0.847246  0.704801  0.618345  1.180458  0.00000000E+00
  211 33.164143 10.398449 15.708513  6.743134  0.839249  0.704761  0.618345  1.180458  0.00000000E+00
  212 33.165904 10.400347 15.698514  6.741146  0.831249  0.704721  0.618345  1.180458  0.00000000E+00
  213 33.167641 10.402236 15.688514  6.739160  0.823246  0.704682  0.618345  1.180458  0.00000000E+00
  214 33.169355 10.404118 15.678514  6.737177  0.815240  0.704643  0.618344  1.180457  0.00000000E+00
  215 33.171046 10.405991 15.668515  6.735197  0.807231  0.704604  0.618344  1.180457  0.00000000E+00
  216 33.172714 10.407857 15.658515  6.733220  0.799219  0.704565  0.618344  1.180457  0.00000000E+00
  217 33.174360 10.409716 15.648516  6.731244  0.791204  0.704527  0.618344  1.180457  0.00000000E+00
  218 33.175984 10.411567 15.638516  6.729272  0.783187  0.704490  0.618344  1.180456  0.00000000E+00
  219 33.177586 10.413410 15.628517  6.727302  0.775167  0.704452  0.618343  1.180456  0.00000000E+00
  220 33.179167 10.415246 15.618517  6.725334  0.767144  0.704415  0.618343  1.180456  0.00000000E+00
  221 33.180726 10.417075 15.608518  6.723368  0.759119  0.704379  0.618343  1.180456  0.00000000E+00
  222 33.182265 10.418897 15.598518  6.721405  0.751091  0.704343  0.618343  1.180456  0.00000000E+00
  223 33.183784 10.420711 15.588519  6.719444  0.743062  0.704307  0.618343  1.180455  0.00000000E+00
  224 33.185283 10.422519 15.578519  6.717485  0.735029  0.704272  0.618343  1.180455  0.00000000E+00
  225 33.186762 10.424320 15.568520  6.715527  0.726995  0.704237  0.618342  1.180455  0.00000000E+00
  226 33.188221 10.426114 15.558521  6.713572  0.718958  0.704203  0.618342  1.180455  0.00000000E+00
  227 33.189661 10.427901 15.548521  6.711619  0.710919  0.704169  0.618342  1.180455  0.00000000E+00
  228 33.191083 10.429682 15.538522  6.709668  0.702878  0.704136  0.618342  1.180454  0.00000000E+00
  229 33.192485 10.431456 15.528523  6.707718  0.694835  0.704103  0.618342  1.180454  0.00000000E+00
  230 33.193870 10.433224 15.518523  6.705771  0.686790  0.704070  0.618342  1.180454  0.00000000E+00
  231 33.195236 10.434986 15.508524  6.703824  0.678743  0.704038  0.618341  1.180454  0.00000000E+00
  232 33.196585 10.436741 15.498525  6.701880  0.670694  0.704007  0.618341  1.180454  0.00000000E+00
  233 33.197916 10.438490 15.488526  6.699937  0.662644  0.703976  0.618341  1.180453  0.00000000E+00
  234 33.199230 10.440233 15.478526  6.697996  0.654591  0.703945  0.618341  1.180453  0.00000000E+00
  235 33.200527 10.441969 15.468527  6.696056  0.646537  0.703915  0.618341  1.180453  0.00000000E+00
  236 33.201808 10.443700 15.458528  6.694118  0.638481  0.703886  0.618341  1.180453  0.00000000E+00
  237 33.203071 10.445425 15.448529  6.692182  0.630423  0.703857  0.618340  1.180453  0.00000000E+00
  238 33.204319 10.447144 15.438530  6.690247  0.622364  0.703828  0.618340  1.180453  0.00000000E+00
  239 33.205550 10.448857 15.428531  6.688313  0.614303  0.703800  0.618340  1.180453  0.00000000E+00
  240 33.206766 10.450565 15.418532  6.686381  0.606240  0.703772  0.618340  1.180452  0.00000000E+00
  241 33.207966 10.452267 15.408533  6.684450  0.598176  0.703745  0.618340  1.180452  0.00000000E+00
  242 33.209151 10.453963 15.398534  6.682521  0.590110  0.703718  0.618340  1.180452  0.00000000E+00
  243 33.210321 10.455654 15.388535  6.680593  0.582043  0.703692  0.618340  1.180452  0.00000000E+00
  244 33.211475 10.457339 15.378536  6.678666  0.573975  0.703666  0.618339  1.180452  0.00000000E+00
  245 33.212615 10.459019 15.368537  6.676740  0.565905  0.703640  0.618339  1.180452  0.00000000E+00
  246 33.213741 10.460693 15.358538  6.674815  0.557834  0.703616  0.618339  1.180452  0.00000000E+00
  247 33.214852 10.462363 15.348539  6.672891  0.549762  0.703591  0.618339  1.180452  0.00000000E+00
  248 33.215949 10.464027 15.338540  6.670968  0.541688  0.703567  0.618339  1.180451  0.00000000E+00
  249 33.217033 10.465686 15.328541  6.669046  0.533614  0.703543  0.618339  1.180451  0.00000000E+00
  250 33.218102 10.467339 15.318542  6.667125  0.525538  0.703520  0.618339  1.180451  0.00000000E+00
  251 33.219158 10.468988 15.308543  6.665205  0.517462  0.703498  0.618338  1.180451  0.00000000E+00
  252 33.220201 10.470631 15.298545  6.663286  0.509384  0.703475  0.618338  1.180451  0.00000000E+00
  253 33.221230 10.472270 15.288546  6.661367  0.501306  0.703453  0.618338  1.180451  0.00000000E+00
  254 33.222247 10.473904 15.278547  6.659449  0.493227  0.703432  0.618338  1.180451  0.00000000E+00
  255 33.223251 10.475533 15.268548  6.657532  0.485147  0.703411  0.618338  1.180451  0.00000000E+00
  256 33.224242 10.477157 15.258550  6.655615  0.477066  0.703390  0.618338  1.180451  0.00000000E+00
  257 33.225221 10.478776 15.248551  6.653699  0.468985  0.703370  0.618338  1.180451  0.00000000E+00
  258 33.226188 10.480390 15.238552  6.651783  0.460903  0.703350  0.618338  1.180451  0.00000000E+00
  259 33.227142 10.482000 15.228554  6.649867  0.452821  0.703331  0.618337  1.180451  0.00000000E+00
  260 33.228084 10.483605 15.218555  6.647952  0.444738  0.703312  0.618337  1.180451  0.00000000E+00
  261 33.229015 10.485206 15.208556  6.646037  0.436655  0.703293  0.618337  1.180450  0.00000000E+00
  262 33.229934 10.486802 15.198558  6.644123  0.428571  0.703275  0.618337  1.180450  0.00000000E+00
  263 33.230842 10.488393 15.188559  6.642208  0.420487  0.703257  0.618337  1.180450  0.00000000E+00
  264 33.231738 10.489980 15.178561  6.640294  0.412403  0.703240  0.618337  1.180450  0.00000000E+00
  265 33.232623 10.491562 15.168562  6.638379  0.404319  0.703223  0.618337  1.180450  0.00000000E+00
  266 33.233498 10.493140 15.158564  6.636465  0.396235  0.703206  0.618337  1.180450  0.00000000E+00
  267 33.234361 10.494714 15.148565  6.634551  0.388151  0.703190  0.618337  1.180450  0.00000000E+00
  268 33.235213 10.496283 15.138567  6.632636  0.380066  0.703174  0.618336  1.180450  0.00000000E+00
  269 33.236055 10.497848 15.128569  6.630721  0.371982  0.703158  0.618336  1.180450  0.00000000E+00
  270 33.236887 10.499409 15.118570  6.628806  0.363898  0.703143  0.618336  1.180450  0.00000000E+00
  271 33.237708 10.500965 15.108572  6.626891  0.355814  0.703128  0.618336  1.180450  0.00000000E+00
  272 33.238519 10.502517 15.098573  6.624975  0.347731  0.703114  0.618336  1.180450  0.00000000E+00
  273 33.239320 10.504065 15.088575  6.623059  0.339648  0.703099  0.618336  1.180450  0.00000000E+00
  274 33.240111 10.505609 15.078577  6.621142  0.331565  0.703086  0.618336  1.180450  0.00000000E+00
  275 33.240892 10.507149 15.068579  6.619225  0.323483  0.703072  0.618336  1.180451  0.00000000E+00
  276 33.241664 10.508685 15.058580  6.617307  0.315401  0.703059  0.618336  1.180451  0.00000000E+00
  277 33.242426 10.510216 15.048582  6.615388  0.307321  0.703046  0.618335  1.180451  0.00000000E+00
  278 33.243179 10.511744 15.038584  6.613468  0.299240  0.703033  0.618335  1.180450  0.00000000E+00
  279 33.243922 10.513268 15.028586  6.611548  0.291161  0.703021  0.618335  1.180450  0.00000000E+00
  280 33.244657 10.514787 15.018588  6.609626  0.283083  0.703009  0.618335  1.180451  0.00000000E+00
  281 33.245382 10.516303 15.008590  6.607703  0.275005  0.702997  0.618335  1.180451  0.00000000E+00
  282 33.246098 10.517814 14.998591  6.605780  0.266929  0.702986  0.618335  1.180451  0.00000000E+00
  283 33.246805 10.519322 14.988593  6.603855  0.258854  0.702975  0.618335  1.180451  0.00000000E+00
  284 33.247504 10.520826 14.978595  6.601928  0.250780  0.702964  0.618335  1.180451  0.00000000E+00
  285 33.248194 10.522326 14.968597  6.600001  0.242708  0.702954  0.618335  1.180451  0.00000000E+00
  286 33.248876 10.523822 14.958599  6.598071  0.234637  0.702943  0.618335  1.180451  0.00000000E+00
  287 33.249549 10.525314 14.948601  6.596140  0.226567  0.702933  0.618334  1.180451  0.00000000E+00
  288 33.250214 10.526803 14.938603  6.594208  0.218500  0.702924  0.618334  1.180451  0.00000000E+00
  289 33.250871 10.528288 14.928605  6.592273  0.210434  0.702914  0.618334  1.180451  0.00000000E+00
  290 33.251520 10.529769 14.918608  6.590336  0.202370  0.702905  0.618334  1.180452  0.00000000E+00
  291 33.252160 10.531246 14.908610  6.588397  0.194309  0.702896  0.618334  1.180452  0.00000000E+00
  292 33.252793 10.532719 14.898612  6.586456  0.186249  0.702888  0.618334  1.180452  0.00000000E+00
  293 33.253418 10.534189 14.888614  6.584513  0.178192  0.702879  0.618334  1.180452  0.00000000E+00
  294 33.254036 10.535655 14.878616  6.582567  0.170137  0.702871  0.618334  1.180452  0.00000000E+00
  295 33.254645 10.537118 14.868619  6.580619  0.162085  0.702864  0.618334  1.180452  0.00000000E+00
  296 33.255248 10.538576 14.858621  6.578668  0.154035  0.702856  0.618334  1.180452  0.00000000E+00
  297 33.255843 10.540031 14.848623  6.576714  0.145988  0.702849  0.618334  1.180452  0.00000000E+00
  298 33.256430 10.541483 14.838625  6.574758  0.137944  0.702842  0.618334  1.180453  0.00000000E+00
  299 33.257011 10.542930 14.828628  6.572798  0.129904  0.702835  0.618334  1.180453  0.00000000E+00
  300 33.257584 10.544374 14.818630  6.570835  0.121866  0.702828  0.618334  1.180453  0.00000000E+00
  301 33.258150 10.545815 14.808633  6.568869  0.113831  0.702822  0.618334  1.180453  0.00000000E+00
  302 33.258709 10.547252 14.798635  6.566900  0.105800  0.702815  0.618334  1.180453  0.00000000E+00
  303 33.259262 10.548685 14.788638  6.564927  0.097772  0.702809  0.618334  1.180453  0.00000000E+00
  304 33.259807 10.550115 14.778640  6.562950  0.089749  0.702804  0.618333  1.180454  0.00000000E+00
  305 33.260346 10.551541 14.768643  6.560970  0.081729  0.702798  0.618333  1.180454  0.00000000E+00
  306 33.260878 10.552963 14.758645  6.558985  0.073713  0.702793  0.618333  1.180454  0.00000000E+00
  307 33.261404 10.554382 14.748648  6.556996  0.065701  0.702788  0.618333  1.180454  0.00000000E+00
  308 33.261923 10.555798 14.738650  6.555004  0.057693  0.702783  0.618333  1.180455  0.00000000E+00
  309 33.262436 10.557209 14.728653  6.553006  0.049690  0.702778  0.618333  1.180455  0.00000000E+00
  310 33.262943 10.558618 14.718656  6.551004  0.041692  0.702774  0.618333  1.180455  0.00000000E+00
  311 33.263443 10.560022 14.708658  6.548997  0.033698  0.702770  0.618333  1.180455  0.00000000E+00
  312 33.263937 10.561423 14.698661  6.546985  0.025710  0.702766  0.618333  1.180455  0.00000000E+00
  313 33.264425 10.562821 14.688664  6.544968  0.017726  0.702762  0.618333  1.180456  0.00000000E+00
  314 33.264907 10.564215 14.678667  6.542946  0.009748  0.702758  0.618333  1.180456  0.00000000E+00
  315 33.265383 10.565605 14.668670  6.540918  0.001776  0.702755  0.618333  1.180456  0.00000000E+00
  316 33.265853 10.566992 14.658673  6.538884 -0.006190  0.702751  0.618333  1.180456  0.00000000E+00
  317 33.266318 10.568375 14.648675  6.536845 -0.014151  0.702748  0.618333  1.180457  0.00000000E+00
  318 33.266777 10.569755 14.638678  6.534799 -0.022105  0.702745  0.618333  1.180457  0.00000000E+00
  319 33.267230 10.571131 14.628681  6.532746 -0.030052  0.702743  0.618333  1.180457  0.00000000E+00
  320 33.267677 10.572504 14.618684  6.530687 -0.037993  0.702740  0.618333  1.180457  0.00000000E+00
  321 33.268119 10.573873 14.608687  6.528621 -0.045926  0.702738  0.618333  1.180458  0.00000000E+00
  322 33.268555 10.575238 14.598690  6.526548 -0.053853  0.702735  0.618333  1.180458  0.00000000E+00
  323 33.268986 10.576600 14.588693  6.524467 -0.061771  0.702733  0.618333  1.180458  0.00000000E+00
  324 33.269412 10.577958 14.578696  6.522378 -0.069682  0.702732  0.618333  1.180459  0.00000000E+00
  325 33.269832 10.579313 14.568700  6.520282 -0.077585  0.702730  0.618333  1.180459  0.00000000E+00
  326 33.270248 10.580664 14.558703  6.518177 -0.085479  0.702728  0.618333  1.180459  0.00000000E+00
  327 33.270658 10.582011 14.548706  6.516063 -0.093365  0.702727  0.618333  1.180459  0.00000000E+00
  328 33.271063 10.583355 14.538709  6.513940 -0.101241  0.702726  0.618333  1.180460  0.00000000E+00
  329 33.271462 10.584695 14.528712  6.511808 -0.109107  0.702725  0.618333  1.180460  0.00000000E+00
  330 33.271857 10.586031 14.518716  6.509666 -0.116964  0.702724  0.618333  1.180461  0.00000000E+00
  331 33.272247 10.587364 14.508719  6.507514 -0.124811  0.702724  0.618333  1.180461  0.00000000E+00
  332 33.272633 10.588693 14.498722  6.505351 -0.132646  0.702723  0.618333  1.180461  0.00000000E+00
  333 33.273013 10.590018 14.488725  6.503177 -0.140471  0.702723  0.618333  1.180462  0.00000000E+00
  334 33.273388 10.591339 14.478729  6.500992 -0.148284  0.702723  0.618333  1.180462  0.00000000E+00
  335 33.273759 10.592657 14.468732  6.498795 -0.156085  0.702723  0.618333  1.180462  0.00000000E+00
  336 33.274126 10.593971 14.458736  6.496586 -0.163873  0.702723  0.618333  1.180463  0.00000000E+00
  337 33.274487 10.595281 14.448739  6.494363 -0.171648  0.702723  0.618333  1.180463  0.00000000E+00
  338 33.274844 10.596587 14.438743  6.492127 -0.179409  0.702723  0.618333  1.180464  0.00000000E+00
  339 33.275197 10.597889 14.428746  6.489877 -0.187156  0.702724  0.618333  1.180464  0.00000000E+00
  340 33.275545 10.599187 14.418750  6.487612 -0.194888  0.702725  0.618333  1.180465  0.00000000E+00
  341 33.275889 10.600482 14.408753  6.485332 -0.202604  0.702726  0.618333  1.180465  0.00000000E+00
  342 33.276228 10.601772 14.398757  6.483036 -0.210304  0.702727  0.618333  1.180466  0.00000000E+00
  343 33.276564 10.603059 14.388760  6.480722 -0.217987  0.702728  0.618333  1.180466  0.00000000E+00
  344 33.276894 10.604341 14.378764  6.478392 -0.225652  0.702730  0.618333  1.180467  0.00000000E+00
  345 33.277221 10.605619 14.368768  6.476043 -0.233299  0.702731  0.618333  1.180467  0.00000000E+00
  346 33.277544 10.606893 14.358771  6.473675 -0.240925  0.702733  0.618333  1.180468  0.00000000E+00
  347 33.277862 10.608163 14.348775  6.471286 -0.248532  0.702735  0.618333  1.180468  0.00000000E+00
  348 33.278177 10.609429 14.338779  6.468877 -0.256117  0.702737  0.618333  1.180469  0.00000000E+00
  349 33.278487 10.610690 14.328783  6.466445 -0.263680  0.702739  0.618333  1.180470  0.00000000E+00
  350 33.278794 10.611947 14.318786  6.463991 -0.271219  0.702742  0.618333  1.180470  0.00000000E+00
  351 33.279096 10.613200 14.308790  6.461512 -0.278733  0.702744  0.618333  1.180471  0.00000000E+00
  352 33.279395 10.614448 14.298794  6.459007 -0.286221  0.702747  0.618334  1.180472  0.00000000E+00
  353 33.279690 10.615692 14.288798  6.456476 -0.293682  0.702750  0.618334  1.180472  0.00000000E+00
  354 33.279981 10.616931 14.278802  6.453916 -0.301114  0.702753  0.618334  1.180473  0.00000000E+00
  355 33.280268 10.618165 14.268805  6.451326 -0.308515  0.702756  0.618334  1.180474  0.00000000E+00
  356 33.280552 10.619395 14.258809  6.448704 -0.315885  0.702760  0.618334  1.180475  0.00000000E+00
  357 33.280832 10.620620 14.248813  6.446049 -0.323220  0.702763  0.618334  1.180475  0.00000000E+00
  358 33.281108 10.621840 14.238817  6.443359 -0.330519  0.702767  0.618335  1.180476  0.00000000E+00
  359 33.281381 10.623055 14.228821  6.440631 -0.337781  0.702771  0.618335  1.180477  0.00000000E+00
  360 33.281650 10.624265 14.218825  6.437864 -0.345002  0.702775  0.618335  1.180478  0.00000000E+00
  361 33.281916 10.625470 14.208829  6.435054 -0.352180  0.702780  0.618335  1.180479  0.00000000E+00
  362 33.282178 10.626669 14.198833  6.432200 -0.359312  0.702784  0.618336  1.180481  0.00000000E+00
  363 33.282437 10.627864 14.188837  6.429298 -0.366396  0.702789  0.618336  1.180482  0.00000000E+00
  364 33.282692 10.629052 14.178841  6.426345 -0.373428  0.702794  0.618336  1.180483  0.00000000E+00
  365 33.282944 10.630235 14.168845  6.423337 -0.380404  0.702799  0.618337  1.180484  0.00000000E+00
  366 33.283193 10.631413 14.158848  6.420271 -0.387321  0.702805  0.618337  1.180486  0.00000000E+00
  367 33.283392 10.632364 14.150736  6.417737 -0.392888  0.702810  0.618338  1.180487  0.00000000E+00
  368 33.283623 10.633473 14.141231  6.414712 -0.399354  0.702815  0.618338  1.180489  0.00000000E+00
  369 33.283851 10.634577 14.131726  6.411622 -0.405753  0.702821  0.618339  1.180490  0.00000000E+00
  370 33.284076 10.635675 14.122222  6.408463 -0.412082  0.702827  0.618339  1.180492  0.00000000E+00
  371 33.284298 10.636767 14.112717  6.405229 -0.418335  0.702834  0.618340  1.180494  0.00000000E+00
  372 33.284518 10.637853 14.103212  6.401913 -0.424505  0.702840  0.618341  1.180496  0.00000000E+00
  373 33.284734 10.638933 14.093707  6.398510 -0.430585  0.702847  0.618341  1.180498  0.00000000E+00
  374 33.284948 10.640006 14.084203  6.395013 -0.436569  0.702855  0.618342  1.180500  0.00000000E+00
  375 33.285159 10.641072 14.074698  6.391411 -0.442448  0.702862  0.618343  1.180502  0.00000000E+00
  376 33.285367 10.642132 14.065193  6.387697 -0.448214  0.702870  0.618340  1.180499  0.18337152E+03
  377 33.285573 10.643185 14.055688  6.383924 -0.453942  0.702879  0.618306  1.180452  0.12388716E+04
  378 33.285786 10.644284 14.045692  6.379955 -0.459941  0.702887  0.618306  1.180454  0.15705116E+04
  379 33.285996 10.645375 14.035695  6.375987 -0.465940  0.702896  0.618307  1.180456  0.17977070E+04
  380 33.286204 10.646459 14.025699  6.372019 -0.471938  0.702904  0.618308  1.180459  0.19756222E+04
  381 33.286408 10.647535 14.015703  6.368051 -0.477936  0.702912  0.618308  1.180461  0.21237559E+04
  382 33.286610 10.648603 14.005706  6.364083 -0.483935  0.702920  0.618309  1.180464  0.22515754E+04
  383 33.286809 10.649664 13.995710  6.360115 -0.489933  0.702928  0.618310  1.180466  0.23644885E+04
  384 33.287005 10.650716 13.985713  6.356147 -0.495931  0.702935  0.618311  1.180469  0.24659137E+04
  385 33.287198 10.651762 13.975717  6.352179 -0.501929  0.702943  0.618311  1.180472  0.25581677E+04
  386 33.287388 10.652799 13.965720  6.348211 -0.507928  0.702950  0.618312  1.180475  0.26429030E+04
  387 33.287576 10.653830 13.955724  6.344243 -0.513926  0.702957  0.618313  1.180478  0.27213452E+04
  388 33.287761 10.654852 13.945727  6.340275 -0.519923  0.702964  0.618314  1.180480  0.27944325E+04
  389 33.287944 10.655868 13.935731  6.336307 -0.525921  0.702970  0.618314  1.180484  0.28629008E+04
  390 33.288124 10.656876 13.925734  6.332339 -0.531919  0.702977  0.618315  1.180487  0.29273398E+04
  391 33.288301 10.657876 13.915737  6.328371 -0.537917  0.702983  0.618316  1.180490  0.29882302E+04
  392 33.288475 10.658870 13.905741  6.324403 -0.543914  0.702990  0.618317  1.180493  0.30459703E+04
  393 33.288647 10.659856 13.895744  6.320435 -0.549912  0.702996  0.618318  1.180496  0.31008937E+04
  394 33.288817 10.660835 13.885747  6.316467 -0.555909  0.703002  0.618319  1.180500  0.31532836E+04
  395 33.288984 10.661806 13.875750  6.312500 -0.561907  0.703007  0.618320  1.180503  0.32033647E+04
  396 33.289149 10.662771 13.865753  6.308532 -0.567904  0.703013  0.618321  1.180507  0.32512136E+04
  397 33.289311 10.663728 13.855756  6.304564 -0.573901  0.703019  0.618322  1.180510  0.32971744E+04
  398 33.289471 10.664679 13.845759  6.300597 -0.579899  0.703024  0.618323  1.180514  0.33414070E+04
  399 33.289628 10.665622 13.835763  6.296629 -0.585896  0.703029  0.618324  1.180518  0.33834158E+04
  400 33.289783 10.666559 13.825766  6.292662 -0.591893  0.703035  0.618325  1.180522  0.34239171E+04
  401 33.289936 10.667488 13.815769  6.288695 -0.597890  0.703040  0.618326  1.180526  0.34631401E+04
  402 33.290086 10.668411 13.805771  6.284727 -0.603887  0.703045  0.618327  1.180530  0.35011841E+04
  403 33.290234 10.669327 13.795774  6.280760 -0.609884  0.703049  0.618328  1.180534  0.35381386E+04
  404 33.290380 10.670236 13.785777  6.276793 -0.615880  0.703054  0.618329  1.180538  0.35740844E+04
  405 33.290524 10.671138 13.775780  6.272826 -0.621877  0.703059  0.618331  1.180543  0.36090947E+04
  406 33.290665 10.672034 13.765783  6.268859 -0.627874  0.703063  0.618332  1.180547  0.36432357E+04
  407 33.290804 10.672923 13.755786  6.264892 -0.633870  0.703068  0.618333  1.180552  0.36765683E+04
  408 33.290942 10.673805 13.745789  6.260925 -0.639867  0.703072  0.618334  1.180556  0.37091475E+04
  409 33.291077 10.674681 13.735791  6.256958 -0.645863  0.703076  0.618336  1.180561  0.37410243E+04
  410 33.291210 10.675550 13.725794  6.252992 -0.651860  0.703080  0.618337  1.180566  0.37722452E+04
  411 33.291340 10.676413 13.715797  6.249025 -0.657856  0.703084  0.618338  1.180571  0.38028531E+04
  412 33.291469 10.677269 13.705800  6.245059 -0.663852  0.703088  0.618340  1.180576  0.38328877E+04
  413 33.291596 10.678119 13.695802  6.241092 -0.669848  0.703092  0.618341  1.180581  0.38623854E+04
  414 33.291721 10.678962 13.685805  6.237126 -0.675845  0.703095  0.618343  1.180586  0.38913802E+04
  415 33.291844 10.679799 13.675807  6.233160 -0.681841  0.703099  0.618344  1.180592  0.39199036E+04
  416 33.291965 10.680630 13.665810  6.229194 -0.687837  0.703102  0.618346  1.180597  0.39479848E+04
  417 33.292084 10.681454 13.655813  6.225228 -0.693833  0.703106  0.618347  1.180603  0.39756511E+04
  418 33.292201 10.682272 13.645815  6.221262 -0.699828  0.703109  0.618349  1.180609  0.40029278E+04
  419 33.292316 10.683084 13.635818  6.217297 -0.705824  0.703113  0.618350  1.180615  0.40298387E+04
  420 33.292430 10.683890 13.625820  6.213331 -0.711820  0.703116  0.618352  1.180621  0.40564059E+04
  421 33.292541 10.684690 13.615822  6.209366 -0.717816  0.703119  0.618354  1.180627  0.40826502E+04
  422 33.292651 10.685484 13.605825  6.205400 -0.723811  0.703122  0.618356  1.180633  0.41085910E+04
  423 33.292759 10.686271 13.595827  6.201435 -0.729807  0.703125  0.618357  1.180640  0.41342466E+04
  424 33.292865 10.687053 13.585830  6.197470 -0.735802  0.703128  0.618359  1.180646  0.41596193E+04
  425 33.292970 10.687828 13.575832  6.193505 -0.741798  0.703130  0.618361  1.180653  0.41847304E+04
  426 33.293073 10.688598 13.565834  6.189541 -0.747793  0.703133  0.618363  1.180660  0.42096038E+04
  427 33.293174 10.689362 13.555837  6.185576 -0.753789  0.703136  0.618365  1.180667  0.42342542E+04
  428 33.293274 10.690120 13.545839  6.181612 -0.759784  0.703138  0.618367  1.180674  0.42586956E+04
  429 33.293371 10.690872 13.535841  6.177647 -0.765779  0.703141  0.618369  1.180682  0.42829413E+04
  430 33.293468 10.691618 13.525844  6.173683 -0.771774  0.703143  0.618371  1.180689  0.43070038E+04
  431 33.293562 10.692359 13.515846  6.169719 -0.777769  0.703146  0.618373  1.180697  0.43308951E+04
  432 33.293656 10.693094 13.505848  6.165755 -0.783764  0.703148  0.618375  1.180705  0.43546265E+04
  433 33.293747 10.693823 13.495850  6.161792 -0.789759  0.703150  0.618377  1.180712  0.43782088E+04
  434 33.293837 10.694547 13.485852  6.157828 -0.795754  0.703153  0.618380  1.180721  0.44016520E+04
  435 33.293926 10.695265 13.475854  6.153865 -0.801749  0.703155  0.618382  1.180729  0.44249660E+04
  436 33.294013 10.695977 13.465857  6.149902 -0.807744  0.703157  0.618384  1.180737  0.44481601E+04
  437 33.294099 10.696684 13.455859  6.145938 -0.813738  0.703159  0.618387  1.180746  0.44712429E+04
  438 33.294183 10.697386 13.445861  6.141976 -0.819733  0.703161  0.618389  1.180755  0.44942229E+04
  439 33.294266 10.698082 13.435863  6.138013 -0.825728  0.703163  0.618391  1.180764  0.45171082E+04
  440 33.294347 10.698772 13.425865  6.134051 -0.831722  0.703165  0.618394  1.180773  0.45399064E+04
  441 33.294427 10.699457 13.415867  6.130088 -0.837717  0.703167  0.618397  1.180783  0.45626247E+04
  442 33.294506 10.700137 13.405869  6.126126 -0.843711  0.703169  0.618399  1.180792  0.45852701E+04
  443 33.294583 10.700812 13.395871  6.122164 -0.849705  0.703170  0.618402  1.180802  0.46078494E+04
  444 33.294659 10.701481 13.385873  6.118202 -0.855700  0.703172  0.618405  1.180812  0.46303688E+04
  445 33.294734 10.702145 13.375875  6.114241 -0.861694  0.703174  0.618407  1.180822  0.46528346E+04
  446 33.294807 10.702804 13.365877  6.110280 -0.867688  0.703175  0.618410  1.180833  0.46752525E+04
  447 33.294880 10.703458 13.355879  6.106318 -0.873682  0.703177  0.618413  1.180844  0.46976282E+04
  448 33.294951 10.704106 13.345881  6.102358 -0.879676  0.703178  0.618416  1.180855  0.47199670E+04
  449 33.295020 10.704750 13.335882  6.098397 -0.885670  0.703180  0.618419  1.180866  0.47422672E+04
  450 33.295089 10.705388 13.325884  6.094436 -0.891664  0.703181  0.618422  1.180877  0.47645294E+04
  451 33.295156 10.706021 13.315886  6.090476 -0.897658  0.703183  0.618426  1.180889  0.47867685E+04
  452 33.295222 10.706650 13.305888  6.086516 -0.903652  0.703184  0.618429  1.180900  0.48089892E+04
  453 33.295287 10.707273 13.295890  6.082556 -0.909646  0.703186  0.618432  1.180912  0.48311963E+04
  454 33.295351 10.707892 13.285891  6.078597 -0.915640  0.703187  0.618435  1.180925  0.48533945E+04
  455 33.295414 10.708505 13.275893  6.074637 -0.921633  0.703188  0.618439  1.180937  0.48755881E+04
  456 33.295476 10.709114 13.265895  6.070678 -0.927627  0.703189  0.618442  1.180950  0.48977814E+04
  457 33.295536 10.709718 13.255897  6.066719 -0.933621  0.703191  0.618446  1.180963  0.49199787E+04
  458 33.295596 10.710317 13.245898  6.062761 -0.939614  0.703192  0.618450  1.180976  0.49421839E+04
  459 33.295654 10.710911 13.235900  6.058802 -0.945608  0.703193  0.618453  1.180990  0.49644009E+04
  460 33.295711 10.711501 13.225902  6.054844 -0.951601  0.703194  0.618457  1.181004  0.49866334E+04
  461 33.295768 10.712086 13.215904  6.050886 -0.957594  0.703195  0.618461  1.181018  0.50088850E+04
  462 33.295823 10.712666 13.205905  6.046928 -0.963588  0.703196  0.618465  1.181033  0.50311593E+04
  463 33.295878 10.713241 13.195907  6.042971 -0.969581  0.703197  0.618469  1.181047  0.50534596E+04
  464 33.295931 10.713812 13.185908  6.039014 -0.975574  0.703198  0.618473  1.181062  0.50757893E+04
  465 33.295984 10.714379 13.175910  6.035057 -0.981567  0.703199  0.618477  1.181078  0.50981513E+04
  466 33.296035 10.714941 13.165912  6.031100 -0.987560  0.703200  0.618482  1.181093  0.51205489E+04
  467 33.296086 10.715498 13.155913  6.027144 -0.993553  0.703201  0.618486  1.181109  0.51429849E+04
  468 33.296136 10.716051 13.145915  6.023188 -0.999546  0.703202  0.618491  1.181125  0.51654622E+04
  469 33.296184 10.716599 13.135916  6.019232 -1.005539  0.703203  0.618495  1.181142  0.51879836E+04
  470 33.296232 10.717143 13.125918  6.015277 -1.011532  0.703204  0.618500  1.181159  0.52105516E+04
  471 33.296279 10.717683 13.115919  6.011321 -1.017525  0.703205  0.618504  1.181176  0.52331689E+04
  472 33.296326 10.718219 13.105921  6.007367 -1.023518  0.703206  0.618509  1.181194  0.52558379E+04
  473 33.296371 10.718750 13.095922  6.003412 -1.029510  0.703206  0.618514  1.181212  0.52785610E+04
  474 33.296416 10.719276 13.085924  5.999463 -1.035032  0.703207  0.619424  1.184534  0.52950955E+04
  475 33.296459 10.719798 13.075925  5.995519 -1.041031  0.703208  0.619435  1.184572  0.53179794E+04
  476 33.296502 10.720316 13.065927  5.991576 -1.047030  0.703209  0.619445  1.184610  0.53409222E+04
  477 33.296544 10.720829 13.055928  5.987632 -1.053028  0.703209  0.619455  1.184648  0.53639255E+04
  478 33.296586 10.721338 13.045930  5.983689 -1.059026  0.703210  0.619466  1.184687  0.53869907E+04
  479 33.296626 10.721844 13.035931  5.979746 -1.065024  0.703211  0.619476  1.184725  0.54101192E+04
  480 33.296666 10.722345 13.025932  5.975804 -1.071022  0.703211  0.619487  1.184764  0.54333143E+04
  481 33.296705 10.722842 13.015934  5.971861 -1.077020  0.703212  0.619498  1.184803  0.54565803E+04
  482 33.296744 10.723335 13.005935  5.967919 -1.083018  0.703213  0.619508  1.184842  0.54799133E+04
  483 33.296782 10.723824 12.995936  5.963977 -1.089016  0.703213  0.619519  1.184882  0.55033148E+04
  484 33.296819 10.724309 12.985938  5.960035 -1.095013  0.703214  0.619530  1.184922  0.55267861E+04
  485 33.296855 10.724790 12.975939  5.956094 -1.101010  0.703214  0.619541  1.184962  0.55503286E+04
  486 33.296891 10.725267 12.965940  5.952153 -1.107008  0.703215  0.619552  1.185002  0.55739438E+04
  487 33.296926 10.725740 12.955942  5.948212 -1.113005  0.703215  0.619563  1.185043  0.55976403E+04
  488 33.296960 10.726210 12.945943  5.944271 -1.119002  0.703216  0.619575  1.185085  0.56214202E+04
  489 33.296994 10.726675 12.935944  5.940331 -1.124999  0.703216  0.619586  1.185126  0.56452754E+04
  490 33.297027 10.727137 12.925946  5.936391 -1.130996  0.703217  0.619598  1.185169  0.56692068E+04
  491 33.297059 10.727595 12.915947  5.932451 -1.136993  0.703217  0.619609  1.185211  0.56932155E+04
  492 33.297091 10.728049 12.905948  5.928512 -1.142990  0.703218  0.619621  1.185255  0.57173027E+04
  493 33.297122 10.728499 12.895949  5.924573 -1.148987  0.703218  0.619633  1.185298  0.57414696E+04
  494 33.297153 10.728946 12.885951  5.920635 -1.154984  0.703219  0.619645  1.185343  0.57657175E+04
  495 33.297183 10.729389 12.875952  5.916697 -1.160981  0.703219  0.619658  1.185387  0.57900476E+04
  496 33.297212 10.729829 12.865953  5.912759 -1.166977  0.703220  0.619670  1.185433  0.58144614E+04
  497 33.297241 10.730264 12.855954  5.908822 -1.172974  0.703220  0.619682  1.185479  0.58389601E+04
  498 33.297270 10.730697 12.845955  5.904885 -1.178971  0.703220  0.619695  1.185525  0.58635452E+04
  499 33.297297 10.731125 12.835957  5.900949 -1.184967  0.703221  0.619708  1.185572  0.58882180E+04
  500 33.297325 10.731550 12.825958  5.897013 -1.190964  0.703221  0.619721  1.185620  0.59129816E+04
  501 33.297352 10.731972 12.815959  5.893077 -1.196961  0.703222  0.619734  1.185668  0.59378361E+04
  502 33.297378 10.732390 12.805960  5.889142 -1.202957  0.703222  0.619748  1.185717  0.59627823E+04
  503 33.297404 10.732805 12.795961  5.885207 -1.208954  0.703222  0.619761  1.185766  0.59878214E+04
  504 33.297429 10.733216 12.785962  5.881273 -1.214950  0.703223  0.619775  1.185816  0.60129545E+04
  505 33.297454 10.733624 12.775963  5.877339 -1.220947  0.703223  0.619789  1.185867  0.60381828E+04
  506 33.297478 10.734028 12.765964  5.873405 -1.226943  0.703223  0.619803  1.185919  0.60635074E+04
  507 33.297502 10.734429 12.755965  5.869472 -1.232940  0.703224  0.619817  1.185970  0.60889293E+04
  508 33.297525 10.734827 12.745967  5.865540 -1.238936  0.703224  0.619831  1.186023  0.61144496E+04
  509 33.297548 10.735221 12.735968  5.861608 -1.244932  0.703224  0.619846  1.186076  0.61400691E+04
  510 33.297571 10.735612 12.725969  5.857676 -1.250929  0.703224  0.619861  1.186130  0.61657888E+04
  511 33.297593 10.736000 12.715970  5.853745 -1.256925  0.703225  0.619875  1.186185  0.61916095E+04
  512 33.297614 10.736385 12.705971  5.849814 -1.262921  0.703225  0.619891  1.186240  0.62175318E+04
  513 33.297636 10.736766 12.695972  5.845883 -1.268917  0.703225  0.619906  1.186296  0.62435543E+04
  514 33.297656 10.737144 12.685973  5.841953 -1.274913  0.703226  0.619921  1.186352  0.62696803E+04
  515 33.297677 10.737520 12.675974  5.838024 -1.280909  0.703226  0.619937  1.186410  0.62959105E+04
  516 33.297697 10.737891 12.665975  5.834095 -1.286905  0.703226  0.619953  1.186467  0.63222457E+04
  517 33.297717 10.738260 12.655976  5.830166 -1.292901  0.703226  0.619969  1.186526  0.63486865E+04
  518 33.297736 10.738626 12.645977  5.826238 -1.298897  0.703226  0.619985  1.186586  0.63752337E+04
  519 33.297755 10.738989 12.635978  5.822310 -1.304893  0.703227  0.620001  1.186646  0.64018878E+04
  520 33.297773 10.739348 12.625979  5.818383 -1.310889  0.703227  0.620018  1.186707  0.64286494E+04
  521 33.297791 10.739705 12.615980  5.814456 -1.316885  0.703227  0.620035  1.186768  0.64555193E+04
  522 33.297809 10.740058 12.605980  5.810530 -1.322880  0.703227  0.620052  1.186831  0.64824979E+04
  523 33.297826 10.740409 12.595981  5.806604 -1.328876  0.703227  0.620069  1.186894  0.65095858E+04
  524 33.297843 10.740757 12.585982  5.802679 -1.334872  0.703228  0.620087  1.186959  0.65367837E+04
  525 33.297860 10.741101 12.575983  5.798755 -1.340867  0.703228  0.620105  1.187024  0.65640914E+04
  526 33.297877 10.741443 12.565984  5.794830 -1.346863  0.703228  0.620123  1.187090  0.65915086E+04
  527 33.297893 10.741782 12.555985  5.790907 -1.352858  0.703228  0.620141  1.187157  0.66190379E+04
  528 33.297908 10.742118 12.545986  5.786984 -1.358854  0.703228  0.620160  1.187225  0.66466798E+04
  529 33.297924 10.742451 12.535987  5.783061 -1.364849  0.703229  0.620179  1.187294  0.66744352E+04
  530 33.297939 10.742782 12.525988  5.779139 -1.370845  0.703229  0.620198  1.187364  0.67023045E+04
  531 33.297954 10.743110 12.515989  5.775218 -1.376840  0.703229  0.620217  1.187435  0.67302887E+04
  532 33.297968 10.743434 12.505989  5.771298 -1.382836  0.703229  0.620237  1.187508  0.67583885E+04
  533 33.297983 10.743756 12.495990  5.767377 -1.388831  0.703229  0.620257  1.187581  0.67866045E+04
  534 33.297997 10.744076 12.485991  5.763458 -1.394827  0.703229  0.620277  1.187656  0.68149376E+04
  535 33.298010 10.744393 12.475992  5.759539 -1.400822  0.703229  0.620298  1.187732  0.68433887E+04
  536 33.298024 10.744707 12.465993  5.755621 -1.406818  0.703230  0.620319  1.187809  0.68719586E+04
  537 33.298037 10.745018 12.455994  5.751704 -1.412814  0.703230  0.620341  1.187888  0.69006482E+04
  538 33.298050 10.745327 12.445994  5.747787 -1.418809  0.703230  0.620362  1.187967  0.69294582E+04
  539 33.298063 10.745633 12.435995  5.743871 -1.424805  0.703230  0.620385  1.188049  0.69583897E+04
  540 33.298075 10.745936 12.425996  5.739956 -1.430801  0.703230  0.620407  1.188131  0.69874441E+04
  541 33.298087 10.746237 12.415997  5.736042 -1.436797  0.703230  0.620430  1.188215  0.70166223E+04
  542 33.298099 10.746535 12.405998  5.732128 -1.442792  0.703230  0.620453  1.188301  0.70459257E+04
  543 33.298111 10.746831 12.395998  5.728215 -1.448788  0.703230  0.620477  1.188387  0.70753553E+04
  544 33.298122 10.747124 12.385999  5.724303 -1.454784  0.703230  0.620501  1.188476  0.71049125E+04
  545 33.298133 10.747415 12.376000  5.720392 -1.460781  0.703231  0.620526  1.188566  0.71345984E+04
  546 33.298144 10.747703 12.366001  5.716481 -1.466777  0.703231  0.620551  1.188658  0.71644144E+04
  547 33.298155 10.747989 12.356001  5.712572 -1.472773  0.703231  0.620576  1.188751  0.71943618E+04
  548 33.298165 10.748272 12.346002  5.708663 -1.478770  0.703231  0.620602  1.188846  0.72244417E+04
  549 33.298176 10.748553 12.336003  5.704755 -1.484766  0.703231  0.620628  1.188942  0.72546554E+04
  550 33.298186 10.748832 12.326003  5.700847 -1.490763  0.703231  0.620655  1.189040  0.72850041E+04
  551 33.298196 10.749108 12.316004  5.696941 -1.496759  0.703231  0.620682  1.189140  0.73154877E+04
  552 33.298205 10.749382 12.306005  5.693036 -1.502756  0.703231  0.620710  1.189242  0.73461082E+04
  553 33.298215 10.749653 12.296006  5.689131 -1.508753  0.703231  0.620738  1.189345  0.73768672E+04
  554 33.298224 10.749922 12.286006  5.685227 -1.514750  0.703231  0.620767  1.189450  0.74077654E+04
  555 33.298233 10.750189 12.276007  5.681324 -1.520747  0.703231  0.620796  1.189557  0.74388038E+04
  556 33.298242 10.750453 12.266008  5.677422 -1.526744  0.703232  0.620825  1.189665  0.74699831E+04
  557 33.298251 10.750715 12.256008  5.673521 -1.532742  0.703232  0.620856  1.189776  0.75013038E+04
  558 33.298260 10.750975 12.246009  5.669621 -1.538739  0.703232  0.620886  1.189888  0.75327665E+04
  559 33.298268 10.751233 12.236010  5.665722 -1.544737  0.703232  0.620917  1.190002  0.75643714E+04
  560 33.298276 10.751489 12.226010  5.661824 -1.550734  0.703232  0.620949  1.190118  0.75961190E+04
  561 33.298284 10.751742 12.216011  5.657926 -1.556732  0.703232  0.620981  1.190236  0.76280094E+04
  562 33.298292 10.751993 12.206012  5.654030 -1.562730  0.703232  0.621014  1.190356  0.76600427E+04
  563 33.298300 10.752242 12.196012  5.650134 -1.568728  0.703232  0.621047  1.190478  0.76922189E+04
  564 33.298307 10.752489 12.186013  5.646239 -1.574726  0.703232  0.621081  1.190602  0.77245397E+04
  565 33.298315 10.752734 12.176014  5.642346 -1.580724  0.703232  0.621115  1.190728  0.77570033E+04
  566 33.298322 10.752976 12.166014  5.638453 -1.586722  0.703232  0.621150  1.190856  0.77896095E+04
  567 33.298329 10.753217 12.156015  5.634561 -1.592721  0.703232  0.621185  1.190986  0.78223592E+04
  568 33.298336 10.753455 12.146015  5.630671 -1.598719  0.703232  0.621221  1.191118  0.78552520E+04
  569 33.298343 10.753691 12.136016  5.626781 -1.604718  0.703232  0.621258  1.191253  0.78882869E+04
  570 33.298350 10.753926 12.126017  5.622892 -1.610717  0.703232  0.621295  1.191389  0.79214639E+04
  571 33.298356 10.754158 12.116017  5.619005 -1.616716  0.703232  0.621333  1.191529  0.79547830E+04
  572 33.298362 10.754388 12.106018  5.615118 -1.622715  0.703232  0.621371  1.191670  0.79882441E+04
  573 33.298369 10.754616 12.096018  5.611233 -1.628714  0.703233  0.621411  1.191814  0.80218472E+04
  574 33.298375 10.754843 12.086019  5.607349 -1.634714  0.703233  0.621451  1.191961  0.80555924E+04
  575 33.298381 10.755067 12.076019  5.603466 -1.640714  0.703233  0.621491  1.192110  0.80894798E+04
  576 33.298387 10.755289 12.066020  5.599584 -1.646714  0.703233  0.621532  1.192261  0.81235095E+04
  577 33.298393 10.755510 12.056021  5.595703 -1.652714  0.703233  0.621574  1.192416  0.81576819E+04
  578 33.298398 10.755728 12.046021  5.591823 -1.658714  0.703233  0.621617  1.192573  0.81919970E+04
  579 33.298404 10.755945 12.036022  5.587945 -1.664715  0.703233  0.621661  1.192733  0.82264549E+04
  580 33.298409 10.756160 12.026022  5.584068 -1.670716  0.703233  0.621705  1.192896  0.82610558E+04
  581 33.298414 10.756373 12.016023  5.580193 -1.676717  0.703233  0.621750  1.193062  0.82958002E+04
  582 33.298420 10.756584 12.006023  5.576318 -1.682719  0.703233  0.621796  1.193231  0.83306881E+04
  583 33.298425 10.756793 11.996024  5.572446 -1.688721  0.703233  0.621843  1.193403  0.83657200E+04
  584 33.298430 10.757000 11.986024  5.568574 -1.694723  0.703233  0.621890  1.193578  0.84008961E+04
  585 33.298435 10.757206 11.976025  5.564704 -1.700725  0.703233  0.621939  1.193756  0.84362167E+04
  586 33.298439 10.757410 11.966025  5.560835 -1.706728  0.703233  0.621988  1.193938  0.84716821E+04
  587 33.298444 10.757612 11.956026  5.556968 -1.712731  0.703233  0.622038  1.194123  0.85072927E+04
  588 33.298449 10.757812 11.946026  5.553102 -1.718735  0.703233  0.622090  1.194312  0.85430488E+04
  589 33.298453 10.758010 11.936027  5.549238 -1.724739  0.703233  0.622142  1.194504  0.85789506E+04
  590 33.298457 10.758207 11.926027  5.545376 -1.730744  0.703233  0.622195  1.194700  0.86149983E+04
  591 33.298462 10.758402 11.916028  5.541515 -1.736749  0.703233  0.622249  1.194900  0.86511925E+04
  592 33.298466 10.758596 11.906028  5.537655 -1.742754  0.703233  0.622304  1.195103  0.86875333E+04
  593 33.298470 10.758787 11.896029  5.533798 -1.748760  0.703233  0.622361  1.195311  0.87240212E+04
  594 33.298474 10.758977 11.886029  5.529942 -1.754766  0.703233  0.622418  1.195522  0.87606563E+04
  595 33.298478 10.759166 11.876030  5.526088 -1.760773  0.703233  0.622477  1.195738  0.87974391E+04
  596 33.298482 10.759352 11.866030  5.522235 -1.766781  0.703233  0.622536  1.195958  0.88343699E+04
  597 33.298486 10.759538 11.856031  5.518385 -1.772789  0.703233  0.622597  1.196182  0.88714489E+04
  598 33.298489 10.759721 11.846031  5.514536 -1.778797  0.703233  0.622659  1.196410  0.89086766E+04
  599 33.298493 10.759903 11.836032  5.510689 -1.784806  0.703233  0.622722  1.196643  0.89460534E+04
  600 33.298496 10.760083 11.826032  5.506844 -1.790816  0.703233  0.622786  1.196880  0.89835795E+04
  601 33.298500 10.760262 11.816033  5.503001 -1.796827  0.703233  0.622852  1.197122  0.90212555E+04
  602 33.298503 10.760439 11.806033  5.499160 -1.802838  0.703233  0.622919  1.197369  0.90590818E+04
  603 33.298507 10.760615 11.796033  5.495321 -1.808850  0.703233  0.622987  1.197621  0.90970589E+04
  604 33.298510 10.760789 11.786034  5.491484 -1.814862  0.703233  0.623056  1.197877  0.91351872E+04
  605 33.298513 10.760961 11.776034  5.487649 -1.820875  0.703233  0.623127  1.198139  0.91734674E+04
  606 33.298516 10.761132 11.766035  5.483816 -1.826889  0.703233  0.623199  1.198405  0.92119000E+04
  607 33.298519 10.761302 11.756035  5.479986 -1.832904  0.703233  0.623273  1.198677  0.92504856E+04
  608 33.298522 10.761470 11.746036  5.476157 -1.838920  0.703233  0.623348  1.198955  0.92892249E+04
  609 33.298525 10.761636 11.736036  5.472331 -1.844936  0.703233  0.623424  1.199237  0.93281186E+04
  610 33.298528 10.761801 11.726036  5.468507 -1.850953  0.703233  0.623502  1.199525  0.93671675E+04
  611 33.298531 10.761965 11.716037  5.464685 -1.856971  0.703234  0.623582  1.199819  0.94063724E+04
  612 33.298533 10.762127 11.706037  5.460866 -1.862990  0.703234  0.623663  1.200119  0.94457342E+04
  613 33.298536 10.762288 11.696038  5.457049 -1.869010  0.703234  0.623745  1.200424  0.94852538E+04
  614 33.298539 10.762447 11.686038  5.453235 -1.875031  0.703234  0.623829  1.200735  0.95249321E+04
  615 33.298541 10.762605 11.676038  5.449423 -1.881053  0.703234  0.623915  1.201052  0.95647701E+04
  616 33.298544 10.762762 11.666039  5.445613 -1.887076  0.703234  0.624002  1.201376  0.96047687E+04
  617 33.298546 10.762917 11.656039  5.441806 -1.893100  0.703234  0.624091  1.201705  0.96449291E+04
  618 33.298549 10.763071 11.646039  5.438002 -1.899124  0.703234  0.624182  1.202041  0.96852522E+04
  619 33.298551 10.763224 11.636040  5.434200 -1.905150  0.703234  0.624274  1.202383  0.97257392E+04
  620 33.298553 10.763375 11.626040  5.430401 -1.911177  0.703234  0.624368  1.202732  0.97663909E+04
  621 33.298556 10.763525 11.616041  5.426604 -1.917205  0.703234  0.624464  1.203087  0.98072085E+04
  622 33.298558 10.763673 11.606041  5.422810 -1.923234  0.703234  0.624561  1.203449  0.98481928E+04
  623 33.298560 10.763820 11.596041  5.419019 -1.929264  0.703234  0.624661  1.203817  0.98893447E+04
  624 33.298562 10.763966 11.586042  5.415230 -1.935296  0.703234  0.624762  1.204193  0.99306652E+04
  625 33.298564 10.764111 11.576042  5.411444 -1.941328  0.703234  0.624865  1.204575  0.99721548E+04
  626 33.298566 10.764255 11.566042  5.407662 -1.947362  0.703234  0.624970  1.204964  0.10013814E+05
  627 33.298568 10.764397 11.556043  5.403881 -1.953397  0.703234  0.625076  1.205361  0.10055644E+05
  628 33.298570 10.764538 11.546043  5.400104 -1.959433  0.703234  0.625185  1.205764  0.10097645E+05
  629 33.298572 10.764677 11.536043  5.396330 -1.965470  0.703234  0.625295  1.206175  0.10139817E+05
  630 33.298574 10.764816 11.526044  5.392559 -1.971509  0.703234  0.625408  1.206593  0.10182157E+05
  631 33.298576 10.764967 11.514979  5.388389 -1.978193  0.703234  0.625535  1.207065  0.10229214E+05
